-640889
576713
967211
684139
289462
274177
-549075
-909198
837370
-235765
211131
-415939
102502
-394615
290364
-198542
73073
-529326
834785
-821109
-542773
-685
852010
-741518
138800
654046
682444
324746
958847
-339345
-61688
709884
-833345
185372
-144376
-917726
770390
738662
673744
-679603
418611
334502
-165840
915542
339142
697727
658101
-238085
596634
-499894
362314
-348940
355843
880267
461788
709638
144607
151437
734287
-622420
495208
968985
-831877
-685993
-592335
-848637
308089
-676801
642691
-529192
-979539
508498
177781
530519
562100
-899619
-702488
-935619
-403365
-559686
926758
228142
-594906
-266282
788451
-539974
336731
-89566
-96002
-928786
380831
-1488
-785740
427141
-45688
888396
218012
956546
289660
513547
-562766
697389
722693
300355
-452840
77442
-60453
340147
-661733
-924352
413363
314388
388196
664266
-586402
708551
-717062
-368691
373806
-583503
-152508
490313
-913308
-180603
-117350
830906
960789
-204239
-838785
950033
515074
-302234
339476
-304713
-296588
-470477
-961400
-714670
-237973
-141658
429042
874571
-887223
-934276
569442
-300462
-699038
-268381
-383349
710136
-380304
-254575
-421248
263046
-784393
-345722
-698636
533986
167862
-877955
45243
409656
345119
946374
427826
580760
440291
537420
979002
158823
-93496
528350
438873
739981
-571513
394913
339310
677378
-747658
-481824
-115783
-915303
-268600
-730705
-420490
-683097
-232446
-660090
-856630
-776984
534730
97724
119448
-947144
271711
684513
283744
-741502
-751742
-314271
26803
79997
-61704
761950
-478815
-293922
466376
-23256
-623647
100980
729008
419997
-992727
738807
203216
268551
3822
-488424
417638
324072
359141
81533
-918895
-981398
969297
422232
965380
-46611
-279093
-476326
934853
737404
-396766
-542775
-465609
-844168
819159
-581700
56846
-335274
-346296
-627347
-562510
506102
-962994
116966
-187648
-8071
376794
-592015
363026
-641849
-369960
-28903
11515
207232
955195
-889982
-515160
230304
-706163
473643
-957188
677993
-591035
331700
-552338
-382628
920054
745827
454621
-61443
-698879
465192
-544775
-867363
-710392
739559
185458
-141263
888607
-162408
-877118
636922
809176
477355
924055
287901
309179
512835
-462635
874016
-886929
427185
906096
240666
18401
-237337
736590
313496
453035
-51635
-914656
18571
404733
170006
-84549
42794
117471
542062
-918037
-936830
-290596
540924
-326429
-916630
-183234
-794570
-843220
682900
133372
521361
190435
436501
-229448
-970700
280710
-50530
-869662
467720
-490548
-843266
-682834
-275239
996143
-91962
-269609
-742974
-204558
-927707
-510809
-481230
725020
232730
-757062
-210808
127447
435088
602844
-302584
938305
-97993
-467726
-682924
664476
-662049
-542838
-813102
-494782
859053
59980
775826
595227
-367854
368560
145502
-290043
634259
-673850
998543
943300
780098
-126137
478586
-911736
907734
-525670
467936
63546
32640
573799
-641231
839402
-457407
-649372
68424
-808715
391880
-751067
-565662
91843
578030
985490
687921
363783
265262
-567591
840917
-17541
-59677
-898339
-883106
-836195
-127020
193389
-855467
637880
-17141
643122
987018
-931499
927316
-764944
-788784
-903394
-387095
378935
494304
221452
-590612
120533
111180
160271
958566
-538213
-432158
860184
493708
459894
-683756
93020
-879634
903727
668124
893042
-181589
-723655
-868966
-479348
-498683
-840611
-69539
797721
673647
527647
208966
609458
-536215
-498642
-243370
142750
-480697
848924
-762132
-919524
335893
299293
-673359
701623
-613361
759229
-147393
-538233
982284
681225
340384
494940
680130
-16624
728351
-780904
-561949
96971
965821
40454
442611
-889187
-325445
-216924
-693155
-307609
-446430
-907037
136496
-63418
-389506
843528
953020
-576935
-801080
954792
665966
615160
864534
-397256
-736508
790110
437687
619691
403667
413892
-763439
325059
-312166
-950917
-575744
794426
-286505
-70965
390677
-302063
-245118
-828019
-381882
-67124
703449
734016
-360026
234148
230529
-501187
683732
806003
-448759
-955168
-177315
-173240
-384795
239475
233406
-307372
556358
-567813
833369
-415908
977064
-403464
-146805
485814
390996
-445362
109514
-500409
131574
881997
-315841
690339
987970
-940034
-137468
965235
-390754
-528560
-3925
468953
-560249
974458
595691
584738
282986
-481370
-769104
81547
93174
-760157
501259
-163123
532900
281769
381759
-338575
-491682
215102
-758456
-526337
146150
905505
-548918
-883998
759647
820453
54827
542453
-479209
969551
-12018
565324
-997109
-731090
100766
566238
-194227
45331
631054
-943873
424652
575179
-90851
-875612
752769
200111
-171051
532678
-327554
408079
-960114
-617704
885956
-547219
295257
594812
914981
-517072
-944846
-704452
520190
-538895
-469949
-822532
-495103
870889
-834529
-488974
-831284
657046
-408577
728209
67163
865261
418933
-811870
899104
-785810
205201
370166
607687
-502178
307986
453989
-657300
794290
912886
318875
134790
-577224
958275
828208
786454
446624
753309
571420
930319
-337330
-95729
-668396
-11169
-801697
344535
-897576
-576641
58211
787053
641144
-27728
886448
-965083
728480
421225
715678
-847191
-763575
831500
-12985
704697
-342516
418587
-10908
484710
-560395
93024
-38303
-65312
876613
-370433
-634735
330442
947383
966085
727398
-980906
-440248
-852809
363738
519397
548203
-141811
603267
-970786
-413981
548136
839777
29360
886492
-20877
400726
639148
833065
541453
731469
267335
-405717
96977
862195
23095
-453036
788609
771225
761750
6493
-668532
722687
604931
563299
944561
-978207
-180712
524585
763935
681390
493971
105761
-822030
951136
821693
-329667
-350084
-426264
325849
-63542
118742
237277
651329
494507
-922440
-557268
-966305
-309185
564755
-67912
441253
857675
463209
649161
-808851
-594532
645897
-209469
-325924
-542861
659114
-236031
-719563
-447804
396338
-357544
-218004
526761
321073
-838568
412542
715013
-923566
154982
-252434
259482
105938
458633
-828855
-647347
-904587
-215455
-696715
-879770
-950306
361071
-695624
700485
-911940
-118162
-391645
-643509
-879414
-340108
965507
859547
209616
-345212
36970
572955
596969
-643418
517403
290450
-423860
611498
509234
740391
-461275
-843305
154733
-679228
-584450
516895
28183
794326
904812
-18377
901418
205509
-852095
-998669
-51952
-95461
-370267
991950
65801
-262405
-767552
158943
-956899
-687892
-445789
109639
-917053
656271
253515
-877815
78105
547622
-520480
-322093
150181
448167
-10910
186660
-238324
-11994
-419469
295810
638028
476305
-510853
930116
-912462
178697
513135
836776
301419
-211289
-51675
236959
846944
-415614
-186362
113269
678666
553173
976626
486409
726753
-208784
-854630
-749911
-379608
194139
308872
118781
690119
767692
-367465
-342772
-33715
91815
978292
950342
654596
274262
264963
564633
641927
287575
445162
711964
-922634
17722
801015
978468
802969
-74110
205553
103792
251070
-422964
654832
515889
939386
-119967
-530763
-766876
-112922
813689
666691
-124067
-165154
756981
101482
737165
716576
545909
-361434
-65009
-183901
-307433
-247759
98529
-895470
-658423
-114265
-517903
-257189
-589883
-930855
-866105
-669887
170102
280129
124150
-449266
-231574
-927491
-20225
-599410
429470
661339
-459948
-956294
71773
901498
-326862
-639591
351891
-541699
-86452
-344777
-642793
997934
217805
-299507
-258808
-920608
-952967
-896341
176966
-510448
-628639
-259768
-894769
-566191
256810
-982729
-296136
693892
206233
-727397
504525
654810
-564844
623533
-234514
94302
424174
50782
-951483
-55872
-49495
886052
-179335
902168
578612
-341521
739968
997568
-526675
-310558
-311479
-64517
660082
856001
544357
714275
833004
17960
-72060
758209
-384465
319191
-422337
415541
782742
-456641
352771
905425
-568345
-633971
-368443
614430
-789468
65858
311788
-323658
-19091
-277838
-585184
-627149
-720811
939821
45161
-857521
939556
594904
-714935
-253392
-468899
-753744
569828
-365654
-891047
558217
-731239
385596
-66959
-964350
-728204
410484
414943
705174
240171
-484150
-871214
-271872
-389218
300249
-416833
666462
534865
-702526
-25306
-197870
457068
548206
544833
-922989
758245
-19301
-446918
-734742
-749317
626140
539133
432155
750589
395965
-607034
30971
-100636
-13452
66816
-761005
-466458
895033
512845
-697860
-277211
-634617
-455645
-567065
447415
-883092
3383
673503
-313239
400909
-146014
-365403
-492938
-143010
472805
-27115
603422
869825
646513
545925
-940530
167690
-999409
282494
806721
134431
822601
-930863
-111199
568751
739896
-674098
-773439
761309
997721
-378756
-924715
109437
-683212
-543543
122088
-591392
-350728
26872
127131
-147074
-395670
613731
201628
-731513
706170
468254
-556837
-995246
919045
-381115
-860873
-623878
-196680
-231323
600130
-36244
-275741
459284
289306
685178
35321
-404604
-588950
877845
-633230
-530456
-55362
-166169
-452167
-921079
478295
332106
853556
-986808
570018
-661928
-302424
908739
-499403
181042
447104
757979
498054
232721
-426980
-745973
344999
999711
-855110
-427778
-84272
979049
-911158
-324591
-463734
775186
-196342
-873860
360433
-88382
844668
692289
-788907
238938
-134118
-432924
85393
220273
-894801
148625
-124916
997185
916122
-587376
-155837
-922481
-36784
835789
-414514
758421
434915
-438424
579100
598277
201222
301310
-485469
-882676
579523
-341007
-154837
-537501
-306019
-937823
47754
71050
-913171
750971
-510884
-845981
526666
9328
910673
-673025
-905210
650292
-33588
-992972
-784557
811494
286522
764775
-563338
313293
-303049
150291
-274114
274181
-349105
528331
75937
870312
-815058
-696631
-636365
-34316
-225803
247330
-67417
-883045
584554
-664038
-764568
-832144
-812528
532183
-513399
-419099
295899
-640698
493043
-950142
-456130
58540
887933
-686451
168103
652199
10851
-737034
-715581
963058
-402624
757468
215087
388823
103500
-458530
597984
-708390
764522
-960618
668833
-254220
-322588
550255
-291543
-525524
-447367
927759
-31601
-562099
-49606
-251229
706958
-520114
-339084
-224222
895773
740546
-46616
-826681
-835391
-380752
450845
267340
384913
549995
-8810
-639608
-802128
353593
115638
525376
-169714
472931
-820614
-444807
837518
182249
681545
800214
-131251
473556
761952
422154
-462612
-536439
-957431
535255
-82308
116265
28590
-662634
480298
-455425
-387380
943759
732196
787093
335774
-503939
542273
-555380
-967611
385212
579086
-801936
328417
927901
-9067
-404729
-528053
-178043
-366970
-834016
-28731
201479
880249
-75187
-424025
147649
141466
-330669
511327
475237
-724525
-277078
-512995
-398700
-247485
-132349
222446
803465
946059
171333
-643414
-351366
-41370
-172303
-695705
9645
908235
544563
-33674
105912
-880414
356722
344110
717611
325809
-424713
400518
129338
385084
-607282
885795
524508
-249229
-481460
43909
-814967
-952057
-399265
-483277
855652
-809947
-729102
752963
308216
-820925
70204
310982
720323
375814
45218
802970
142652
-144885
983827
995704
647712
-102874
-570659
-484569
356621
718253
-805902
-625512
952725
516819
552696
-494187
-788758
-607546
151468
556641
366148
-896127
234149
-573922
-174411
-21777
-6502
698364
-203910
586212
883664
-601121
-497216
827521
-190576
-999955
-505285
331674
-182796
113111
13365
-25190
-757509
-980804
168966
697316
-559323
-255915
395687
288444
541627
28748
-822230
472626
894266
-713983
-968001
175320
528926
193829
-901711
133691
949138
-597409
825862
748952
146331
711438
-434972
196128
-990224
203553
696138
585457
-127224
-471724
-922048
-722362
-591532
136755
194977
758747
-131316
-305319
-484346
845240
317263
574078
-934899
58459
-568233
657589
-461
956061
-414667
751805
323081
923134
676082
-591132
352048
637161
-240868
-541313
-486551
-337270
116020
764135
305164
-338629
576840
-948863
-483039
-822439
946140
235151
984226
-827547
-166614
-421908
-526824
-12162
-858521
923318
631420
-437266
-733993
-71437
916061
-798424
-856251
574274
-358829
480668
-233620
669540
429251
-861767
173837
136938
-215503
46591
-343400
-483976
-402185
48073
-644632
-365984
936969
-833322
946560
363935
-251780
151885
197858
773030
-649995
123412
-785440
-964144
688939
277021
663500
-440233
-396755
-8659
10281
734514
771698
-616671
847095
-989903
-725376
-396395
165763
-589549
560950
744513
867960
-617861
470879
-695131
865560
969212
-295150
-593427
-7781
-346756
669935
297354
-127024
810434
-435394
-689066
-762297
-926346
786015
-627875
322145
172849
232046
892328
654681
585333
59812
488713
335209
705512
433724
-527655
30387
282732
-237327
-665149
249354
297966
927662
-571539
492340
628952
-69539
-78869
333842
944700
610926
441478
-167979
-724757
-948608
881799
521917
-280309
-205520
-874262
532167
895121
536664
645707
830773
-767593
-997522
585256
-402595
413316
-708127
11680
-857591
-387094
110473
-992310
437673
754789
815731
-982814
557528
-667749
962409
-733035
-478237
-447376
-961763
574708
-64039
-742058
-228583
-749003
-919166
891972
352444
682883
-265433
44914
836940
199116
-828359
-914025
-52091
-215936
-928153
591425
-509644
123859
-189338
644673
-243564
-664081
982153
333296
-906589
-674363
-665824
248532
-563000
336317
-427380
555595
145920
781629
758722
-615447
364609
253040
-305625
-734173
-563512
90571
233925
855584
30812
-962393
55542
-412845
857034
930863
-138687
-886108
-51528
775791
-987101
395130
974755
706111
-74727
-777728
-251486
-286135
896631
607091
569384
207679
10888
881395
852026
589133
477225
813003
-197264
159732
-219730
-507767
228709
-79142
-964503
-159231
-169034
-244926
302858
-700726
508892
-765561
-952096
-345659
172610
130922
522780
42540
-58140
-562852
178222
-885455
111112
951538
-484114
982325
-777733
112152
727069
-655430
162038
201892
-177088
-658470
887364
-117080
-452019
731393
-476254
-710928
626060
-571874
-604568
64820
-549717
-16307
36193
140699
978480
925352
831701
-146173
-44241
-495948
-833882
-499277
491404
-64809
362993
851539
-531054
-618428
828396
-908379
925421
326450
-551291
933497
-329498
-174258
154683
731691
-819401
410901
558315
990114
527453
785253
526870
646097
-649949
-118869
-952727
-275542
473133
253983
-636834
632759
-408967
-302326
-154940
-357429
-347456
-819742
-981826
-614314
-449559
452893
-47859
-20787
563610
-853483
-879022
450414
-625571
-624843
-205566
-161377
-861406
686595
-935278
309139
-411259
427230
-162995
288868
182446
-86234
266114
171816
13419
-273599
356064
164718
230003
695683
892917
-34556
608447
-600484
-821868
-514394
-926535
293953
321445
-638560
-826111
-551474
-975147
-601995
628531
432761
-372670
-302166
21168
971295
326198
188171
-102132
953809
194763
-349625
-200728
-253495
77154
618018
712916
734716
-586684
604005
-293647
-957277
639606
547334
-247386
907876
302110
-141927
-93853
-908740
-47056
-997258
-879245
-60313
823227
-511267
-214919
667896
-393906
992742
-108029
-526453
-465691
389701
-575355
551255
804657
118317
-347755
484046
784042
-132982
-374795
-678634
-103212
287949
-702604
-93467
-185144
-633025
711096
73206
-18911
37272
853840
-170196
292998
-301206
-219062
-962924
-972174
659683
-225815
-58873
-76642
531889
920176
-565525
-144757
990181
224758
-933098
-299205
152102
169928
-967648
965371
799331
-197288
-708692
-367788
-784919
-563196
-883526
659780
-606558
757736
831062
-384618
317834
-405038
560320
148414
-46639
-655865
273220
102353
158334
-39629
-861636
-881526
-526953
29414
-184460
259950
-767428
-356640
-427709
-868838
641108
138603
-780670
-313230
206524
-953121
-507961
958225
-644189
397460
-433538
639806
-94230
776226
803613
752691
-738669
-381211
-243796
-234194
-502536
-874357
248786
448035
685702
-933074
-697052
-441894
-504799
-5297
-734411
621513
967381
-237122
865775
-752788
-758310
542797
92584
-924176
-715425
-309063
-846184
-691201
-358328
123734
-885074
-589818
353150
825439
944952
-568248
553190
130909
-349956
-740482
-708159
-245139
-737583
533506
-307243
-765076
-120530
-625593
-949064
-229800
763758
547211
-198449
-439394
-590463
185240
-541525
158815
-447020
682929
-187081
293738
-978176
-746821
834616
-885025
433493
572063
680790
-796405
556054
-383696
-169310
-579600
824945
-301934
-162972
-877580
-641625
-422184
-440616
559142
-72401
559400
-375271
55939
-366746
725328
643724
-485038
800029
571114
421524
-556875
75795
174755
644271
-754938
-468962
191671
-900297
-153436
-321181
146160
963662
-144711
-507503
946064
-288213
-740940
-10043
622920
492716
-775206
-165122
827661
862805
550218
922836
-837187
875255
877497
-499865
258385
380086
356034
-787809
-336163
-676701
-183788
-207307
-379411
-320919
192168
-623420
-738025
-183133
-881199
-938885
319616
-521871
716688
-255957
197510
198407
-781546
-500588
740786
15937
-224985
-982719
-474670
-867314
-858748
801146
-60215
407366
-758704
-493716
-308770
-968987
397592
-979234
-11667
-513096
-159561
232771
-516679
633128
-996984
401809
174558
638292
337296
616834
-267515
-79230
522321
540700
-292045
486053
-183973
329735
-51038
369517
489384
-272496
143651
-465866
-482901
318818
-276038
-948299
902470
430795
-526903
-284620
-437026
-178585
-506700
262422
518672
-446932
463699
-674157
260156
-379217
753604
528210
-186757
674257
16815
-919327
-824299
787291
812852
-302059
601224
184722
375417
728502
155894
-72314
-296706
-12483
44242
-393400
179897
-522113
-90630
-32825
869504
441582
-964203
-762524
-266740
-159489
-173834
-211019
-206894
728809
-609420
3731
526920
-636345
88852
809071
-651649
-246308
-354179
111973
-847166
296227
-613641
-916425
-72335
-829007
-26009
-668024
800632
-56994
37265
166935
146006
193048
-851441
-904955
-344475
-656330
-688136
952423
-342118
-85045
-59036
954951
-331097
-914579
-472500
-834137
733154
-736653
134124
-710597
-622366
-403659
-271257
-395190
-357887
28748
-338389
629972
-415016
538200
463214
461159
740007
863604
871548
-425597
-876177
296366
976777
-891228
-266567
-707447
428938
-990847
-940640
269858
-901383
178472
-906236
-236379
-758750
-152820
-573629
-716107
-188036
821998
771943
500487
279647
-595429
-312172
204669
-933042
691210
61830
525389
-947845
272257
-410778
-296421
666777
-49253
-926701
40976
349330
744925
-227820
-903225
-439188
-322088
455000
-880120
-443144
-799127
476322
-79053
500274
685840
899601
-447225
40686
-253013
-438552
-621726
-243828
100729
-63997
811283
623490
737512
528442
-453289
747259
747556
300308
71756
306296
-822132
-651560
-190844
-171432
-39936
429385
265120
-668577
917927
969509
330389
161193
-980678
656478
218901
-684043
513453
920827
-772726
224522
-664035
-228063
-624151
-408144
-402523
-803334
-494616
-590777
674459
910202
-803170
394261
917135
970909
-856661
954157
-567335
-586989
831482
196040
-26062
-827610
-98631
-404819
800525
13788
503392
-342440
-711072
-247552
949625
-55650
381531
562020
-288307
36845
-615280
-517757
-142763
-162667
-872291
419223
-65673
524301
-455066
-512573
156675
751110
185906
-913998
-470889
141134
-78688
-394942
906969
-297943
-57328
43674
-809911
-651003
-976121
729617
-373924
-207955
765341
653884
-545642
401547
-536429
-682560
811397
819994
388644
475094
819782
981123
-823516
912469
-205751
690356
120589
902066
105175
645900
654775
-283269
239491
487783
-266216
935529
-904212
-822323
179982
83188
-462769
498472
485831
244374
645981
709492
-807849
-122048
-271318
-823065
-212832
-222097
383939
-764461
190396
-908421
984574
180966
-959072
826387
192101
676608
-693904
-377333
846193
-482497
-606501
480696
-34496
921011
-489506
252692
605479
-643652
927787
381642
906722
346800
456749
41634
-741829
691555
31578
449022
-494381
726366
84333
434085
-584799
627726
-934551
871310
-635663
-540773
-885581
331209
-821872
870567
475828
-215691
888300
-164288
488241
-804436
-269738
35749
389235
-168441
-737399
793754
-662077
-324971
-207259
-947517
-871417
-24216
-416251
959547
783456
756507
926778
-184486
795844
41142
882249
-321483
919144
649323
606178
596105
-53378
315311
-629941
-923027
-328849
-36592
-583597
781348
466588
-189427
812086
673932
463709
-946219
-872749
-782906
-792033
-414204
-783830
334213
677863
438584
-808417
-300051
-97868
570910
453004
-224059
-986764
75035
285663
-368244
755732
-809019
-441401
-703542
922871
-22551
-192358
-725265
503275
-35354
703419
-719947
205763
957193
989922
59157
767369
-430607
-272432
-397309
121325
75450
-399517
-731920
-53319
422700
-163096
783674
722429
-177845
-867773
-284947
937972
865236
-449610
-525292
134431
-965531
652821
-845613
912760
822388
472056
587370
-328163
428653
-234143
978772
213425
-403602
864412
550368
204347
738941
706506
-796886
-185431
642071
-761984
819079
-101945
270706
-103613
-541757
-456042
-488199
722163
450850
401449
-139456
-598993
-307501
614399
-2164
-987956
721380
273227
-500333
-925909
-743910
-878643
-592753
-824241
72995
337786
516088
517267
955762
-43128
-241539
759979
597984
-892636
272746
-583297
509674
768157
84013
563831
690506
937318
-650100
-782486
364505
-767889
789530
346123
881797
-4145
-503569
-403695
-416325
-558506
544407
-286420
-915142
-407265
923671
495574
-843792
-418000
-646236
535573
-654137
391052
859099
599075
77614
80753
-71126
205656
-142713
436712
906041
-171921
835072
555910
65917
-172494
797496
630510
-120119
-662844
-41195
949982
-428034
281050
946369
145340
234575
-372888
-187971
-882290
-419996
780871
-875121
475794
-79979
870621
-463997
-36490
785025
555532
102390
271429
61433
143849
-701138
63011
-729480
-36107
-412705
-765057
-27639
666227
108308
-490244
-690980
-928388
-534017
923168
-940678
952270
-965898
-778843
-662699
-273045
177809
-112643
273391
899287
-578675
-54111
917444
-342896
-15733
-628873
-198324
286169
-354434
-96521
113119
-528193
724216
-905479
721951
650762
-245523
782157
-651082
498004
74053
347406
810367
941936
66311
225342
303406
36959
-496439
761178
-163753
-424004
792237
-586153
732155
-613068
693102
524147
348895
788476
-245533
-934405
994375
-14066
-682134
-533672
-794133
664189
-564669
-907880
788791
91662
-381690
-838008
186406
-487439
468767
-848275
-585099
730478
326115
5581
300869
362034
134211
917013
-964834
69627
-745442
-341156
-640412
582325
-326675
-715841
138202
697495
-961335
325114
-660703
-278959
799771
938269
-818312
-842415
-815580
935571
767269
-625920
723683
597608
-971959
-446437
876230
-921424
344951
-890313
-454137
465570
-243728
623177
-575335
311753
858977
757492
-658394
960309
547413
-869437
580966
148277
-7145
835400
649531
53865
-215060
-802596
84931
-365396
377657
52055
-637353
-156859
727353
-525176
-370945
-592479
-773397
197938
-88601
-131149
-987755
-587857
-270658
491577
-625877
-516340
382119
-78304
951349
-890365
-399631
-142604
-154508
-830369
-630582
-423559
878241
-62445
-878825
811694
827815
450109
577158
-357350
942014
152157
-477537
-44564
-6833
474624
-521193
-27133
-392741
629165
565518
