999751
996162
987605
984685
984114
983214
982884
981899
981398
979617
979239
976677
975172
974997
973682
971663
970446
970054
964066
955976
953219
951401
950470
950379
945093
942374
941697
941560
939278
936977
935031
933737
932387
928151
926383
925537
923262
921679
917770
916249
916196
914908
914283
913748
910968
909803
903392
900928
900869
899863
899213
899056
896918
896740
895574
886926
885218
883016
882842
882671
882648
882097
881066
881059
878117
873330
868800
865144
863608
861145
860841
856636
856082
852906
852504
850915
850610
840770
840535
838714
834192
825375
823025
822836
821215
821127
819286
818755
818122
813026
812733
810483
805878
803951
803887
802978
802428
801711
790691
790283
787764
783166
780303
779522
779231
779119
777600
774999
772626
772227
767199
767017
764416
760600
758812
758436
754663
751142
751059
747418
744790
743953
742157
741708
740621
735056
730176
728879
727345
726749
724342
713553
704703
693050
691786
688740
688512
688223
686957
686881
685901
684924
676925
676887
674629
672313
671065
670181
670167
668803
666610
666205
665618
663777
652687
648602
648056
647749
647597
644494
641603
639895
639435
638112
637135
635803
633877
631170
629835
629124
628990
628451
628446
626406
625162
623372
621678
621598
618353
614786
614643
612930
610715
610012
606912
600665
599782
598599
598577
597279
595467
593163
589448
580812
579450
578351
576378
574594
574392
571931
569779
569000
567996
567483
564936
556704
555757
555232
554212
553755
551486
547798
547047
543963
542886
535076
530921
530527
529021
527219
526714
525370
523501
523102
521273
519294
513249
512484
510612
510179
501425
501190
498890
495853
492088
491479
488166
484178
483629
483059
475351
471128
469439
469029
465923
465584
465374
462726
460237
459464
456894
455480
455406
454288
453904
453834
452021
445850
444757
444177
442609
440763
438733
436177
435905
435103
434540
434012
432123
432060
431122
430411
428409
426432
426294
425842
424809
419689
416860
410368
409638
407315
404948
400506
397253
395651
393248
389727
383188
381156
380613
376793
375620
373898
354675
354036
352904
352358
352171
351348
349111
348715
347846
347411
345994
345838
344398
342924
340374
339784
339705
330298
325124
324158
323805
321184
320413
318581
315615
312988
312865
310457
308323
301767
301624
297303
287313
286963
286525
285463
283251
283226
278553
276799
275324
274039
273077
272339
271437
271232
269228
268896
268391
265239
264605
264233
263271
261768
260764
255891
255661
255139
252870
248621
248468
247133
240384
240052
237387
235654
234645
233009
231369
228363
228322
228210
227650
225049
220235
219783
219744
215305
212600
209168
208657
203608
202218
198643
196501
189092
187084
185401
183555
179354
178795
178475
176834
174978
169244
167734
164466
163966
163047
162751
161283
159668
159361
158075
155187
152506
150314
143564
142861
140525
138911
134896
131738
127900
125673
124756
123267
118756
116499
114762
113511
112799
110334
104448
103581
101932
101619
99226
97824
97073
91796
90589
90286
89916
79449
78729
73627
73195
72302
68237
67657
67172
64475
61515
60664
50104
49357
43597
38441
38110
37616
34475
31144
25420
19776
18181
12207
10972
10272
10179
9517
9494
9270
9158
7120
4302
3280
3125
2971
954
234
-879
-6806
-7527
-9794
-13357
-14929
-17809
-19872
-25185
-27763
-28478
-30607
-30829
-33981
-37365
-43539
-44370
-44765
-53810
-54536
-54976
-54998
-56009
-57959
-58152
-62355
-63071
-63961
-66341
-70059
-71793
-72281
-75213
-75587
-77790
-78283
-80257
-82642
-83512
-87168
-87598
-92779
-97178
-110465
-117429
-117679
-118114
-118956
-123697
-129819
-133948
-146579
-146954
-150689
-151109
-152204
-154500
-154858
-155309
-167143
-168438
-170575
-175965
-178470
-181037
-187106
-193788
-194097
-200540
-201469
-201553
-201846
-202131
-203278
-203390
-204987
-206834
-207039
-209136
-209146
-210533
-210764
-213224
-214194
-215523
-219186
-219977
-222230
-223810
-225372
-225593
-227408
-227839
-227997
-228868
-232032
-236996
-237044
-237368
-237767
-247982
-248470
-248836
-249658
-251528
-253717
-258347
-259543
-260132
-262757
-263241
-264889
-265014
-265043
-266268
-274288
-278895
-281993
-282154
-282279
-285171
-287914
-288158
-288698
-289464
-289772
-293522
-301064
-303243
-303290
-304470
-305122
-305963
-311287
-311905
-315009
-315258
-315349
-318651
-320123
-321686
-322100
-323653
-323973
-331198
-331457
-335517
-335849
-336294
-336977
-337317
-337620
-337655
-338741
-341034
-342242
-342591
-345351
-345537
-345928
-350545
-351435
-351980
-354053
-354510
-357027
-359473
-360053
-361940
-362474
-365329
-365403
-370074
-370933
-371802
-378212
-382536
-382759
-384307
-385878
-387378
-388421
-391709
-392913
-393435
-394648
-396631
-397971
-399026
-399319
-400229
-403628
-405462
-405867
-406521
-406580
-411881
-413061
-418078
-419315
-420295
-422145
-422841
-423655
-423888
-428201
-431228
-431426
-431851
-434142
-434594
-434842
-434878
-435272
-437763
-437976
-443955
-450242
-450895
-451048
-451875
-452286
-452796
-455346
-456938
-462955
-464276
-471289
-471999
-474091
-474864
-477495
-477968
-478133
-479258
-479565
-479835
-480447
-481848
-481926
-485113
-486552
-487910
-489084
-490769
-492238
-494468
-495098
-495333
-497348
-497856
-498372
-498658
-499473
-500529
-500614
-500951
-501138
-504436
-513869
-514955
-516312
-522012
-523992
-526560
-531667
-533901
-536505
-537214
-540190
-540274
-542391
-545171
-547613
-548039
-548880
-549799
-549960
-552489
-557958
-560441
-560588
-563907
-564279
-567923
-569180
-569375
-569996
-570522
-570529
-573940
-576290
-576481
-579984
-580915
-581128
-581826
-582116
-583222
-584407
-585292
-586439
-587100
-590933
-592211
-595372
-598621
-599067
-604567
-607807
-609893
-611222
-611847
-613798
-613903
-614567
-616909
-617549
-627138
-635792
-637302
-637631
-638049
-639338
-640396
-641868
-642545
-643693
-643906
-644394
-644668
-648232
-656896
-657319
-657847
-658618
-659453
-662786
-663301
-665533
-666338
-667024
-670335
-670336
-675603
-677663
-680517
-683700
-686078
-687019
-687775
-689757
-694738
-696540
-696622
-697089
-702588
-704507
-705549
-710488
-712904
-712946
-713444
-716153
-718583
-719428
-719798
-723809
-724639
-728301
-728446
-729985
-732256
-734913
-735794
-736004
-738431
-738766
-739287
-744360
-746894
-747346
-748849
-749326
-753416
-755559
-756082
-758100
-758789
-759745
-761487
-762693
-765818
-766172
-771397
-774192
-774921
-776638
-778840
-782416
-785570
-786752
-787192
-788158
-791005
-791626
-792164
-793118
-794600
-795030
-798124
-799353
-799727
-801995
-802099
-803731
-805367
-808803
-809441
-812240
-812543
-812674
-815683
-820958
-822293
-824633
-826473
-826921
-827131
-831050
-831770
-832252
-832576
-832624
-832770
-832833
-837080
-838433
-839395
-839571
-840123
-845343
-847967
-849456
-852838
-853135
-856075
-856754
-861703
-864856
-866573
-871175
-873313
-876874
-879832
-880178
-880304
-882446
-884641
-885989
-886018
-886383
-886502
-888629
-889305
-892248
-893171
-896085
-897142
-897475
-899045
-901077
-903469
-903660
-903966
-905944
-906594
-907147
-907477
-908758
-910569
-912908
-915234
-915392
-916625
-918301
-918990
-919149
-919724
-920950
-921209
-921542
-924040
-924432
-925739
-929004
-929306
-932400
-932610
-933623
-935408
-936499
-936911
-937789
-938315
-938566
-940153
-941012
-941041
-941741
-942950
-944762
-946456
-946958
-955802
-957348
-957762
-959760
-960626
-965219
-968163
-972750
-976280
-976863
-977435
-979064
-979179
-979819
-979938
-982302
-985563
-985888
-992901
-993791
-999441
