-501138
-28478
-354053
-500529
-219977
440763
-43539
269228
-798124
865144
-670335
-920950
101619
670181
400506
-6806
713553
-123697
426432
-30829
389727
-729985
-734913
-852838
688740
471128
91796
340374
-303243
-202131
-785570
49357
-803731
-209136
-237767
-187106
818122
-563907
-338741
665618
510612
43597
-304470
248468
-480447
271232
-228868
-611847
-331198
-736004
-253717
167734
228210
79449
178475
381156
-342242
-311905
-514955
-434842
498890
556704
202218
-452796
751142
-747346
547047
-403628
-207039
-799353
483629
90286
-871175
834192
-315009
631170
810483
-70059
127900
936977
409638
72302
850915
-288158
882097
10972
-999441
774999
89916
-547613
134896
-258347
-774921
-590933
-738766
459464
-637302
-888629
310457
-616909
648602
-861703
4302
-533901
-548039
-627138
380613
-567923
276799
578351
297303
212600
301624
-434878
882842
-864856
-57959
-72281
598577
-940153
-746894
633877
138911
932387
530921
-281993
-903469
164466
-965219
-435272
724342
527219
767017
-992901
228363
3125
883016
219783
693050
-7527
50104
-758789
-474091
-540274
-264889
-728301
626406
-359473
772626
-227997
90589
-365329
324158
-92779
-941741
395651
-537214
-405867
-194097
-71793
779522
-266268
951401
-744360
899056
-778840
-225593
-938315
354036
-759745
67657
730176
758812
-968163
-941041
460237
-53810
743953
-384307
37616
-882446
-880178
-896085
501190
764416
-168438
-753416
-17809
648056
777600
352171
-936911
926383
-413061
-907477
483059
-167143
663777
-382759
971663
521273
-640396
-110465
-320123
-880304
-531667
-209146
900869
247133
913748
-903966
629124
-886018
-411881
-944762
-786752
60664
453904
526714
31144
973682
-378212
812733
852906
-879832
676925
261768
219744
735056
234
-305122
407315
569000
882648
-418078
-704507
840535
-464276
-687775
-795030
-323653
-957762
-611222
-437763
935031
979239
955976
12207
-918301
612930
-495098
376793
-203390
240384
-87168
469029
-847967
767199
-977435
-450242
-696540
628990
-387378
-976863
-450895
-495333
-929306
-492238
-614567
208657
-479835
347411
275324
-924040
104448
-471999
484178
18181
-586439
-595372
-908758
248621
-853135
727345
-214194
-815683
283251
312865
-613798
-311287
-822293
530527
-154500
593163
821215
97824
-587100
475351
-248836
131738
315615
-906594
-14929
523102
345994
273077
-805367
-345351
-885989
-570522
543963
-696622
-638049
-985888
996162
886926
-656896
-282279
9270
684924
-808803
-213224
772227
-702588
-222230
-422841
625162
903392
-879
-303290
-203278
-793118
555757
-251528
233009
-919149
-849456
428409
-422145
-129819
-935408
397253
914283
179354
-666338
-724639
780303
-170575
404948
819286
-66341
852504
787764
-548880
783166
339784
-370074
-799727
220235
982884
-791005
-499473
442609
-193788
861145
228322
-659453
686881
-434142
970054
-912908
416860
-832770
78729
67172
554212
252870
-903660
823025
512484
-899045
-498372
-839395
235654
925537
863608
666205
-689757
-477495
159361
10272
183555
-25185
513249
-237044
-782416
73627
576378
-118114
-959760
-321686
909803
-617549
-635792
-924432
-549960
-471289
-315349
-227408
-341034
-301064
-452286
125673
-766172
525370
-573940
373898
465584
434540
-957348
747418
-582116
189092
491479
155187
970446
652687
-63961
-513869
-146579
-393435
-897142
-979179
-265014
469439
-494468
110334
-921542
-350545
-776638
-526560
975172
255661
143564
-490769
984114
-929004
-979938
950379
-391709
-337655
445850
-976280
-739287
-677663
-552489
-719798
-27763
671065
-946456
840770
501425
-285171
-44765
744790
225049
-642545
-710488
2971
-697089
435103
-893171
330298
-400229
685901
260764
896740
-665533
-794600
-75587
860841
-938566
623372
881059
-223810
264233
-210533
976677
286525
431122
-856754
-478133
-918990
265239
-916625
271437
-278895
740621
606912
-337317
523501
-560441
268391
-583222
850610
-581826
529021
-322100
610012
-522012
435905
-837080
432060
325124
-178470
-385878
868800
-117429
-406580
670167
34475
410368
-420295
-354510
-237368
393248
215305
639435
813026
-832252
-154858
424809
-824633
-915234
-151109
688223
535076
-576481
-749326
564936
118756
462726
-225372
-993791
-392913
10179
-979064
950470
-884641
-117679
567483
-694738
641603
174978
-901077
-723809
803887
347846
-399026
7120
-287914
495853
790691
635803
614786
274039
-360053
-219186
-820958
-315258
-75213
203608
896918
-771397
-336294
312988
-910569
621598
-345928
-886502
-832576
-648232
939278
-637631
551486
741708
152506
-210764
-644394
519294
981899
-428201
-342591
-97178
123267
-274288
287313
916249
-201553
-886383
419689
987605
492088
-545171
-748849
38110
941697
760600
579450
921679
628451
349111
-792164
-845343
-362474
942374
-227839
159668
-19872
-686078
-479565
-63071
-318651
-832833
-604567
178795
-345537
-732256
599782
-866573
758436
621678
895574
-361940
818755
-639338
234645
-437976
964066
688512
348715
-249658
726749
674629
-357027
9158
-181037
227650
-826921
434012
321184
488166
-576290
954
-840123
-371802
742157
-774192
899213
825375
547798
-54976
589448
196501
-972750
-204987
-500614
426294
453834
614643
-456938
-905944
-933623
-598621
-523992
-536505
999751
140525
465374
983214
163047
-423888
-712904
-663301
-215523
272339
-474864
-248470
916196
571931
647597
803951
-921209
914908
-150689
-423655
-719428
444177
-477968
639895
805878
-37365
163966
666610
821127
-937789
162751
-831050
933737
-431426
-289772
-839571
-713444
64475
169244
-932400
-83512
112799
185401
779119
-56009
-716153
101932
-335849
150314
-498658
-826473
19776
-942950
-263241
-540190
597279
283226
9517
-985563
-337620
351348
342924
885218
-54998
-569375
383188
555232
754663
-451048
672313
320413
-941012
-397971
629835
99226
567996
116499
822836
142861
352358
838714
444757
73195
264605
-133948
38441
-54536
-569996
-504436
-406521
595467
600665
928151
542886
375620
-259543
61515
231369
801711
-87598
-838433
-336977
-580915
354675
452021
-232032
-82642
-486552
-662786
352904
-497856
-455346
881066
456894
255139
-152204
187084
-936499
-979819
455406
779231
-827131
644494
-873313
-788158
-370933
941560
598599
691786
68237
198643
-579984
-542391
686957
-670336
263271
-907147
856636
308323
-667024
-607807
-955802
25420
945093
-584407
-765818
-335517
882671
-644668
751059
-155309
-812543
176834
-712946
-812674
-982302
-946958
-175965
728879
-382536
286963
-394648
668803
-657319
-500951
-262757
240052
-932610
-118956
465923
-201846
-925739
-365403
-705549
-687019
-570529
-431851
430411
-738431
124756
974997
-549799
-675603
-831770
9494
-735794
-58152
802428
-755559
984685
-44370
-812240
802978
-809441
114762
-680517
856082
-351435
318581
-200540
-293522
285463
628446
-585292
-791626
-419315
638112
-960626
569779
-657847
-643693
-443955
-289464
-77790
-497348
323805
209168
-876874
-557958
618353
574594
900928
-288698
301767
455480
-481926
-581128
610715
637135
953219
-609893
-889305
-80257
-756082
-560588
-489084
345838
-592211
103581
-305963
899863
553755
878117
923262
3280
-485113
-481848
-613903
-9794
-599067
-762693
-487910
-801995
-351980
-388421
-331457
574392
-405462
-802099
-236996
-683700
436177
-641868
873330
-62355
-643906
-919724
268896
-265043
454288
-431228
-323973
981398
425842
-658618
339705
158075
-892248
-761487
704703
-718583
97073
-434594
-396631
-462955
-564279
-399319
580812
510179
-897475
161283
910968
676887
-33981
-516312
-13357
-832624
-451875
-206834
-260132
-479258
237387
255891
-201469
438733
-915392
917770
-282154
-78283
-728446
278553
344398
-758100
113511
-247982
-30607
432123
-856075
-146954
-569180
790283
979617
-787192
647749
