999711
998543
997934
997721
997568
997185
996143
995704
994375
992742
991950
990181
990114
989922
987970
987018
985490
984574
984226
983827
982325
982284
982153
981123
979049
979002
978772
978480
978468
978292
977064
976777
976626
974755
974458
971295
970909
969551
969509
969297
969212
968985
967381
967211
966085
965821
965507
965380
965371
965235
963662
963058
962409
960789
960309
959547
958847
958566
958275
958225
957193
956546
956061
955762
955195
954951
954792
954157
953809
953020
952725
952423
952270
951538
951349
951136
950342
950033
949982
949625
949138
947383
946560
946374
946369
946140
946064
946059
944952
944700
944561
943759
943300
942014
941936
939821
939556
939386
938305
938269
937972
937318
936969
935571
935529
934853
933497
930863
930319
930116
927901
927787
927759
927662
927316
926778
926758
925421
925352
924055
923671
923318
923168
923134
922871
922836
921011
920827
920176
920054
919144
919045
917927
917444
917135
917013
916122
916061
915542
914981
912886
912760
912469
910673
910202
908739
908235
907876
907734
906969
906722
906096
906041
905505
905425
904812
903727
902470
902168
902066
901498
901418
899601
899287
899104
896631
895773
895121
895033
894266
893042
892917
892328
891972
888607
888396
888300
887933
887364
886492
886448
886052
885956
885795
883664
882249
881997
881799
881797
881395
880267
880249
878241
877845
877497
876613
876230
875255
874571
874016
871548
871310
870889
870621
870567
870312
869825
869504
867960
865775
865560
865261
865236
864534
864412
863604
862805
862195
860184
859547
859099
859053
858977
857675
857034
856001
855652
855584
853840
853556
852026
852010
851539
848924
847095
846944
846193
845240
844668
843528
840917
839777
839402
837518
837370
836940
836776
835789
835400
835072
834785
834616
833369
833065
833004
831701
831500
831482
831062
830906
830773
828396
828208
827815
827661
827521
826387
825862
825439
824945
823227
822601
822388
821998
821693
820453
819994
819782
819159
819079
815731
813689
813003
812852
812086
811694
811494
811397
811283
810434
810367
809176
809071
806721
806003
804657
803613
803465
802970
802969
801146
801015
800632
800525
800214
800029
799771
799331
797721
797496
795844
794426
794326
794290
793754
792237
790110
789530
788791
788609
788476
788451
787291
787093
787053
786454
786015
785253
785025
784042
783674
783456
782742
782157
781629
781348
780871
780098
776226
775826
775791
775186
773030
771943
771698
771225
770390
768157
767692
767369
767269
765341
764775
764522
764135
763935
763758
761952
761950
761750
761309
761178
759979
759647
759229
758747
758722
758421
758245
758209
757979
757736
757492
757468
756981
756507
755732
754789
753604
753309
752963
752769
752691
751805
751110
750971
750589
748952
747556
747259
745827
744925
744513
740786
740546
740391
740007
739981
739968
739896
739559
738941
738807
738662
737512
737404
737165
736590
734716
734514
734287
734016
733154
732196
732155
731691
731469
731393
730478
729617
729008
728809
728502
728480
728351
728209
727398
727353
727069
726753
726366
725328
725020
724216
723683
722693
722687
722429
722163
721951
721380
720323
718253
717611
716688
716576
715678
715013
714275
712916
711964
711438
711096
710136
709884
709638
709492
708551
706958
706506
706170
706111
705512
705174
704697
703449
703419
701623
700485
698364
697727
697495
697389
697316
696138
695683
693892
693102
692289
691555
691210
690506
690356
690339
690119
688939
687921
686595
685840
685702
685178
684513
684139
683732
682929
682900
682883
682444
681545
681390
681225
680790
680130
678666
677993
677863
677378
676608
676082
674459
674257
673932
673744
673647
673503
669935
669540
668833
668124
667896
666777
666691
666462
666227
665966
664476
664266
664189
663500
661339
660082
659780
659683
659114
658101
657589
657046
656478
656271
654832
654810
654775
654681
654596
654046
653884
652821
652199
651329
650762
650292
649531
649323
649161
647712
646513
646097
645981
645900
645897
645707
644673
644271
643724
643122
642691
642071
641927
641144
641108
639806
639606
639148
638292
638028
637880
637161
636922
634259
633128
632759
631420
631054
630510
629972
629165
628952
628531
627726
626140
626060
623533
623490
623177
622920
621513
619691
618018
616834
615160
614430
614399
613731
611498
610926
609458
608447
607687
607091
606178
605479
604931
604005
603422
603267
602844
601224
600130
599075
598277
597984
597984
597608
596969
596634
596105
595691
595227
594904
594812
591425
589133
587370
586212
585457
585333
585256
584738
584554
582325
580966
580760
579523
579100
579086
578612
578030
577158
576840
576713
575179
574708
574274
574078
573799
572955
572063
571420
571114
570910
570018
569828
569442
569384
568751
566238
565518
565324
564755
564633
563831
563610
563299
562100
562020
560950
560320
559400
559142
558315
558217
557528
556641
556358
556054
555910
555595
555532
553190
553173
552696
551255
550368
550255
550218
549995
548206
548203
548136
547622
547413
547334
547211
545925
545909
544833
544563
544407
544357
542797
542453
542273
542062
541627
541453
540924
540700
539133
538200
537420
536664
535573
535255
534865
534730
533986
533506
532900
532678
532183
532167
531889
530519
528926
528442
528350
528331
528210
527647
527453
526920
526870
526761
526666
525389
525376
524585
524508
524301
524147
522780
522321
521917
521361
520190
519397
518672
517403
517267
516895
516819
516088
515889
515074
513547
513453
513135
512845
512835
511327
509674
509234
508892
508498
506102
504525
503392
503275
501259
500487
500274
498472
498054
498004
495574
495208
494940
494507
494304
493971
493708
493043
492716
492340
491577
491404
490313
489384
488713
488241
487783
486409
486053
485831
485814
484710
484046
480696
480668
480298
478586
478295
477355
477225
476322
476305
475828
475794
475237
475094
474624
473643
473556
473133
472931
472805
472626
472056
470879
468953
468767
468254
467936
467720
466588
466376
465570
465192
463709
463699
463214
463209
461788
461159
459894
459284
458633
457068
456749
455000
454621
453989
453035
453004
452893
450850
450845
450414
450109
449022
448167
448035
447415
447104
446624
445162
442611
441582
441478
441253
440291
438873
438584
437687
437673
436712
436501
435088
434915
434085
433724
433493
432761
432155
430795
429470
429385
429251
429042
428938
428653
427826
427230
427185
427141
424652
424174
422700
422232
422154
421524
421225
419997
419223
418933
418611
418587
417638
415541
414943
413892
413363
413316
412542
410901
410484
409656
408079
407366
404733
403667
401809
401547
401449
400909
400726
400518
397592
397460
396338
395965
395687
395130
394913
394261
391880
391052
390996
390677
389701
389235
388823
388644
388196
385596
385212
385084
384913
383939
382119
381759
381642
381531
380831
380086
378935
377657
376794
375814
375417
373806
370166
369517
368560
366148
364609
364505
363935
363783
363738
363026
362993
362314
362034
361071
360433
359141
356722
356621
356064
356034
355843
353593
353150
352771
352444
352048
351891
349330
348895
347406
346800
346123
345119
344999
344951
344535
344110
340384
340147
339476
339310
339142
337786
337296
336731
336317
335893
335774
335209
334502
334213
333842
333296
332106
331700
331674
331209
330442
330389
329735
328417
326450
326198
326115
325849
325809
325114
325059
324746
324072
323081
322145
321445
321073
319616
319191
318875
318818
317834
317263
315311
314388
313496
313293
311788
311753
310982
309179
309139
308872
308216
308089
307986
306296
305164
303406
302858
302110
301419
301310
300869
300355
300308
300249
299293
297966
297354
296366
296227
295899
295810
295257
293953
293738
292998
290450
290364
289660
289462
289306
288868
288444
287949
287901
287575
286522
286169
285663
283744
282986
282732
282494
281769
281050
280710
280129
279647
277021
274262
274181
274177
273391
273227
273220
272746
272257
271711
271429
270706
269858
268551
267340
267335
266114
265262
265120
264963
263046
262422
260156
259950
259482
258385
256810
253983
253515
253040
252692
251070
249354
248786
248532
247330
244374
240666
240171
239491
239475
238938
237277
236959
235151
234575
234149
234148
233925
233406
232771
232730
232721
232046
230529
230304
230003
228709
228142
225342
224758
224522
222446
221452
220273
218901
218012
217805
215102
215087
213425
211131
209616
208966
207679
207232
206524
206233
205763
205656
205553
205509
205201
204669
204347
203553
203216
201892
201628
201479
201222
200111
199116
198407
197938
197858
197510
196128
196040
194977
194763
194139
193829
193389
193048
192168
192101
191671
190435
190396
188171
186660
186406
185906
185458
185372
185240
184722
182446
182249
181042
180966
179982
179897
178697
178472
178222
177809
177781
176966
175320
174755
174558
173837
172849
172610
171816
171333
170102
170006
169928
168966
168103
167862
167690
166935
165763
164718
162038
161193
160271
159732
158943
158823
158815
158334
156675
155894
154982
154733
154683
152157
152102
151885
151468
151437
150291
150181
148625
148414
148277
147649
146331
146160
146150
146006
145920
145502
145340
144607
143849
143651
142750
142652
141466
141134
140699
138800
138603
138202
136938
136755
136496
134790
134431
134431
134211
134124
133691
133372
131574
130922
130909
129338
127447
127131
124150
123859
123734
123412
122088
121325
120589
120533
119448
118781
118742
118317
117471
116966
116265
116020
115638
113269
113119
113111
112152
111973
111180
111112
110473
109639
109514
109437
108308
105938
105912
105761
105175
103792
103500
102502
102390
102353
101482
100980
100766
100729
98529
97724
96977
96971
94302
93174
93024
93020
92584
91843
91815
91662
90571
88852
85393
84931
84333
84013
83188
81547
81533
80753
79997
78105
77614
77442
77154
75937
75795
75450
75035
74053
73206
73073
72995
71773
71756
71050
70204
69627
68424
67163
66816
66311
65917
65858
65801
64820
63546
63011
61830
61433
59980
59812
59157
58540
58459
58211
56846
55939
55542
54827
53865
52055
50782
48073
47754
46591
45331
45243
45218
45161
44914
44242
43909
43674
42794
42540
41634
41142
40976
40686
40454
37272
37265
36970
36959
36845
36193
35749
35321
32640
31578
30971
30812
30387
29414
29360
28748
28748
28590
28183
26872
26803
23095
21168
18571
18401
17960
17722
16815
15937
13788
13419
13365
11680
11515
10888
10851
10281
9645
9328
6493
5581
3822
3731
3383
-461
-685
-1488
-2164
-3925
-4145
-5297
-6502
-6833
-7145
-7781
-8071
-8659
-8810
-9067
-10043
-10908
-10910
-11169
-11667
-11994
-12018
-12162
-12483
-12985
-13452
-14066
-15733
-16307
-16624
-17141
-17541
-18377
-18911
-19091
-19301
-20225
-20787
-20877
-21777
-22551
-23256
-24216
-25190
-25306
-26009
-26062
-27115
-27133
-27639
-27728
-28731
-28903
-31601
-32825
-33588
-33674
-33715
-34316
-34496
-34556
-35354
-36107
-36244
-36490
-36592
-36784
-38303
-39629
-39936
-41195
-41370
-43128
-44241
-44564
-45688
-46611
-46616
-46639
-47056
-47859
-49253
-49495
-49606
-50530
-51038
-51528
-51635
-51675
-51952
-52091
-53319
-53378
-54111
-55362
-55650
-55872
-56994
-57328
-58140
-58873
-59036
-59677
-60215
-60313
-60453
-61443
-61688
-61704
-62445
-63418
-63542
-63997
-64039
-64517
-64809
-65009
-65312
-65673
-66959
-67124
-67417
-67912
-69539
-69539
-70965
-71126
-71437
-72060
-72314
-72335
-72401
-74110
-74727
-75187
-76642
-78304
-78688
-78869
-79053
-79142
-79230
-79979
-82308
-84272
-84549
-85045
-86234
-86452
-88382
-88601
-89566
-90630
-90851
-91962
-93467
-93496
-93853
-94230
-95461
-95729
-96002
-96521
-97868
-97993
-98631
-100636
-101945
-102132
-102874
-103212
-103613
-108029
-111199
-112643
-112922
-114265
-115783
-117080
-117350
-118162
-118869
-119967
-120119
-120530
-122048
-124067
-124916
-126137
-127020
-127024
-127224
-131149
-131251
-131316
-132349
-132982
-134118
-137468
-138687
-139456
-141263
-141658
-141811
-141927
-142604
-142713
-142763
-143010
-144376
-144711
-144757
-144885
-146014
-146173
-146805
-147074
-147393
-152508
-152820
-153436
-154508
-154837
-154940
-155837
-156859
-159231
-159489
-159561
-161377
-162408
-162667
-162972
-162995
-163096
-163123
-163753
-164288
-165122
-165154
-165840
-166169
-166614
-167979
-168441
-169034
-169310
-169714
-170196
-171051
-171432
-171921
-172303
-172494
-173240
-173834
-174258
-174411
-177088
-177315
-177845
-178043
-178585
-179335
-180603
-180712
-181589
-182796
-183133
-183234
-183788
-183901
-183973
-184460
-184486
-185144
-185431
-186362
-186757
-187081
-187648
-187971
-188036
-189338
-189427
-190576
-190844
-192358
-194227
-196342
-196680
-197264
-197288
-197870
-198324
-198449
-198542
-200728
-203910
-204239
-204558
-205520
-205566
-205751
-206894
-207259
-207307
-207955
-208784
-209469
-210808
-211019
-211289
-212832
-214919
-215060
-215455
-215503
-215691
-215936
-216924
-218004
-219062
-219730
-222097
-224059
-224222
-224985
-225803
-225815
-227820
-228063
-228583
-229448
-229800
-231323
-231574
-232446
-233620
-234143
-234194
-234514
-235765
-236031
-236379
-237122
-237327
-237337
-237973
-238085
-238324
-240868
-241539
-243370
-243564
-243728
-243796
-243828
-244926
-245118
-245139
-245523
-245533
-246308
-247386
-247485
-247552
-247759
-249229
-251229
-251486
-251780
-252434
-253013
-253392
-253495
-254220
-254575
-255915
-255957
-257189
-258808
-259768
-262405
-265433
-266216
-266282
-266567
-266740
-267515
-268381
-268600
-269609
-269738
-270658
-271257
-271318
-271872
-272432
-272496
-273045
-273599
-274114
-275239
-275542
-275741
-276038
-277078
-277211
-277838
-278959
-279093
-280309
-283269
-284620
-284947
-286135
-286420
-286505
-288213
-288307
-290043
-290596
-291543
-292045
-293647
-293922
-295150
-296136
-296421
-296588
-296706
-297943
-299205
-299507
-300051
-300462
-301206
-301934
-302059
-302063
-302166
-302234
-302326
-302424
-302584
-303049
-304713
-305319
-305625
-306019
-307243
-307372
-307433
-307501
-307609
-308770
-309063
-309185
-310558
-311479
-312166
-312172
-313230
-313239
-314271
-315841
-320919
-321181
-321483
-322088
-322093
-322588
-323658
-324591
-324971
-325445
-325924
-326429
-326675
-326862
-327554
-328163
-328849
-329498
-329667
-330669
-331097
-335274
-336163
-337270
-337330
-338389
-338575
-338629
-339084
-339345
-340108
-341007
-341156
-341521
-342118
-342440
-342516
-342772
-342896
-343400
-344475
-344777
-345212
-345659
-345722
-346296
-346756
-347456
-347755
-348940
-349105
-349625
-349956
-350084
-350728
-351366
-354179
-354434
-356640
-357350
-357429
-357544
-357887
-358328
-358829
-360026
-361434
-365396
-365403
-365654
-365984
-366746
-366970
-367465
-367788
-367854
-368244
-368443
-368691
-369960
-370267
-370433
-370945
-372670
-372888
-373924
-374795
-375271
-377333
-378756
-379217
-379411
-379608
-380304
-380752
-381115
-381211
-381690
-381882
-382628
-383349
-383696
-384465
-384618
-384795
-387094
-387095
-387380
-389218
-389506
-390754
-391645
-392741
-393400
-393906
-394615
-394942
-395190
-395670
-396395
-396755
-396766
-397256
-397309
-398700
-399265
-399517
-399631
-402185
-402523
-402595
-402624
-403365
-403464
-403602
-403659
-403695
-404604
-404729
-404819
-405038
-405717
-407265
-408144
-408577
-408967
-410778
-411259
-412705
-412845
-413981
-414204
-414514
-414667
-415016
-415614
-415908
-415939
-416251
-416325
-416833
-418000
-419099
-419469
-419996
-420490
-421248
-421908
-422184
-422337
-422964
-423559
-423860
-424004
-424025
-424713
-425597
-426264
-426980
-427380
-427709
-427778
-428034
-430607
-432158
-432924
-433538
-434972
-435394
-437026
-437266
-438424
-438552
-439188
-439394
-440233
-440248
-440616
-441401
-441894
-443144
-444807
-445362
-445789
-446430
-446437
-446918
-446932
-447020
-447225
-447367
-447376
-447804
-448759
-449266
-449559
-449610
-452019
-452167
-452840
-453036
-453289
-454137
-455066
-455425
-455645
-456042
-456130
-456641
-457407
-458530
-459948
-461275
-462612
-462635
-462769
-463734
-463997
-465609
-465691
-465866
-466458
-467726
-468899
-468962
-469949
-470477
-470889
-471724
-472500
-474670
-476254
-476326
-477537
-478237
-478815
-479209
-479348
-480697
-481230
-481370
-481460
-481824
-482497
-482901
-483039
-483277
-483976
-484114
-484150
-484346
-484569
-485038
-485469
-486551
-487439
-488199
-488424
-488974
-489506
-490244
-490548
-491682
-492938
-493716
-494187
-494381
-494616
-494782
-495103
-495948
-496439
-497216
-498642
-498683
-499277
-499403
-499865
-499894
-500333
-500409
-500588
-501187
-502178
-502536
-503569
-503939
-504799
-505285
-506700
-507503
-507767
-507961
-509644
-510448
-510809
-510853
-510884
-511267
-512573
-512995
-513096
-513399
-514394
-515160
-516340
-516679
-517072
-517757
-517903
-520114
-520480
-521193
-521871
-522113
-525176
-525292
-525524
-525670
-526337
-526453
-526675
-526824
-526903
-526953
-527655
-528053
-528193
-528560
-529192
-529326
-530456
-530763
-531054
-533672
-534017
-536215
-536429
-536439
-537501
-538213
-538233
-538895
-539974
-540773
-541313
-541525
-541699
-541757
-542773
-542775
-542838
-542861
-543543
-544775
-545642
-547219
-548918
-549075
-549717
-551291
-551474
-552338
-555380
-556837
-556875
-557268
-558506
-559323
-559686
-560249
-560395
-561949
-562099
-562510
-562766
-562852
-563000
-563196
-563338
-563512
-564669
-564844
-565525
-565662
-566191
-567065
-567335
-567591
-567813
-568233
-568248
-568345
-570659
-571513
-571539
-571874
-573629
-573922
-575335
-575355
-575744
-576641
-576935
-577224
-578675
-579600
-581700
-583297
-583503
-583597
-584450
-584799
-585099
-585184
-586153
-586402
-586684
-586989
-587376
-587857
-588950
-589549
-589818
-589883
-590463
-590612
-590777
-591035
-591132
-591392
-591532
-592015
-592335
-592479
-592753
-593427
-594532
-594906
-595429
-597409
-598993
-599410
-600484
-601121
-601995
-604568
-606501
-606558
-607034
-607282
-607546
-609420
-613068
-613361
-613641
-614314
-615280
-615447
-616671
-617704
-617861
-618428
-621726
-622366
-622420
-623420
-623647
-623878
-624151
-624843
-625512
-625571
-625593
-625877
-625920
-627149
-627347
-627875
-628639
-628873
-629941
-630582
-633025
-633230
-633971
-634617
-634735
-635663
-636345
-636365
-636834
-637353
-638560
-639591
-639608
-640412
-640698
-640889
-641231
-641625
-641849
-642793
-643414
-643418
-643509
-643652
-644189
-644632
-646236
-647347
-649372
-649949
-649995
-650100
-651003
-651082
-651560
-651649
-654137
-655430
-655865
-656330
-657300
-658394
-658423
-658470
-660090
-660703
-661733
-661928
-662049
-662077
-662634
-662699
-662844
-664035
-664038
-664081
-665149
-665824
-667749
-668024
-668396
-668532
-668577
-669887
-673025
-673359
-673850
-674098
-674157
-674363
-676701
-676801
-678634
-679228
-679603
-682134
-682560
-682834
-682924
-683097
-683212
-683756
-684043
-685993
-686451
-687892
-688136
-689066
-690980
-691201
-693155
-693904
-695131
-695624
-695705
-696631
-696715
-697052
-697860
-698636
-698879
-699038
-700726
-701138
-702488
-702526
-702604
-703542
-704452
-706163
-707447
-708127
-708159
-708390
-708692
-710392
-710597
-710928
-711072
-713983
-714670
-714935
-715425
-715581
-715841
-716107
-717062
-719563
-719947
-720811
-722362
-723655
-724525
-724757
-725265
-725376
-727397
-728204
-729102
-729480
-730705
-731090
-731239
-731513
-731920
-733035
-733993
-734173
-734411
-734742
-736508
-736653
-737034
-737399
-737583
-738025
-738669
-740482
-740940
-741502
-741518
-741829
-742058
-742974
-743910
-745442
-745973
-746821
-747658
-749003
-749317
-749911
-751067
-751742
-752788
-753744
-754938
-757062
-757509
-758310
-758456
-758704
-758750
-760157
-761005
-761984
-762132
-762297
-762524
-763439
-763575
-764461
-764568
-764944
-765057
-765076
-765561
-766876
-767428
-767552
-767593
-767889
-769104
-772726
-773397
-773439
-775206
-776984
-777728
-777733
-778843
-780670
-780904
-781546
-782486
-782906
-783830
-784393
-784557
-784919
-785440
-785740
-785810
-787809
-788758
-788784
-788907
-789468
-792033
-794133
-794570
-796405
-796886
-798424
-799127
-801080
-801697
-801936
-802128
-802596
-803170
-803334
-804436
-805902
-807849
-808417
-808715
-808851
-809019
-809911
-809947
-811870
-812528
-813102
-814967
-815058
-815580
-818312
-819401
-819742
-820614
-820925
-821109
-821868
-821872
-822030
-822132
-822230
-822323
-822439
-822532
-823065
-823516
-824241
-824299
-826111
-826681
-827547
-827610
-828019
-828359
-828855
-829007
-830369
-831284
-831877
-832144
-833322
-833345
-833882
-834016
-834137
-834529
-835391
-836195
-837187
-838008
-838568
-838785
-840611
-842415
-843220
-843266
-843305
-843792
-844168
-845613
-845981
-846184
-847166
-847191
-848275
-848637
-851441
-852095
-852809
-853483
-854630
-855110
-855467
-856251
-856630
-856661
-857521
-857591
-858521
-858748
-860873
-861406
-861636
-861767
-866105
-867314
-867363
-867773
-868838
-868966
-869437
-869662
-871214
-871417
-872291
-872749
-873860
-874262
-874357
-875121
-875612
-876177
-877118
-877580
-877815
-877955
-878643
-878825
-879022
-879245
-879414
-879634
-879770
-880120
-880414
-881199
-881526
-882290
-882676
-883045
-883092
-883106
-883526
-883998
-885025
-885074
-885455
-885581
-886108
-886929
-887223
-889187
-889982
-890313
-890365
-891047
-891228
-892636
-894769
-894801
-895470
-896127
-896341
-897576
-898339
-899619
-900297
-901383
-901711
-903225
-903394
-904212
-904587
-904955
-905210
-905479
-906236
-906589
-907037
-907880
-908379
-908421
-908740
-909198
-911158
-911736
-911940
-912462
-913171
-913308
-913998
-914025
-914579
-914656
-915142
-915303
-916425
-916630
-917053
-917726
-918037
-918895
-919166
-919327
-919524
-920608
-921079
-921424
-922048
-922440
-922481
-922634
-922989
-923027
-923566
-924176
-924352
-924715
-925909
-926346
-926535
-926701
-927491
-927707
-928153
-928388
-928786
-930855
-930863
-931499
-933042
-933074
-933098
-934276
-934405
-934551
-934899
-935278
-935619
-936830
-937823
-938885
-940034
-940530
-940640
-940678
-943873
-944846
-946219
-947144
-947517
-947845
-948299
-948608
-948863
-949064
-950142
-950306
-950917
-951483
-952057
-952096
-952727
-952967
-953121
-955168
-956294
-956899
-957188
-957277
-957431
-959072
-960114
-960618
-961335
-961400
-961763
-962393
-962924
-962994
-964144
-964203
-964350
-964503
-964834
-965083
-965531
-965898
-966305
-967611
-967648
-968001
-968987
-970700
-970786
-971959
-972174
-975147
-976121
-978176
-978207
-979234
-979539
-980678
-980804
-980906
-981398
-981826
-982719
-982729
-982814
-986764
-986808
-987101
-987755
-987956
-989903
-990224
-990847
-992310
-992727
-992972
-995246
-996984
-997109
-997258
-997522
-998669
-999409
-999955
