998993
998722
998432
997899
997885
997846
997805
996867
996809
996240
996118
996112
995915
995508
995317
995288
995120
994987
994829
994619
993822
993774
993714
993681
993429
993385
993197
993192
993096
993054
992909
992869
992840
992720
992551
992447
991480
991394
991368
991302
991243
990911
990137
990023
989590
989273
989253
988603
988260
988107
988016
987951
987381
987361
987202
986701
986629
986618
986448
985992
985955
985915
985203
984937
984760
984696
984400
984163
984131
984089
983759
983698
983212
982975
982947
982890
982645
982644
982637
981586
981371
981126
980581
980579
980063
980035
979722
979366
978887
978768
978380
978318
978172
978162
978077
977997
977948
977912
977825
977564
977484
977426
977303
977280
977195
977129
977101
976908
976752
976482
976300
976193
975831
975687
975533
975416
975375
975353
975314
975230
974295
974248
973950
973800
973793
973459
973445
973165
972869
972842
972717
972622
972572
971747
971400
971340
971327
970959
969773
969658
969580
969404
969391
969353
968955
968943
968771
968500
968212
968130
968087
967815
967686
967497
967461
967260
967125
967042
967040
966733
966417
966385
966163
965889
965837
965794
965771
965627
965494
965187
964903
964564
964380
964266
964173
963674
963354
963228
963152
962880
962740
962662
962632
962030
961917
961889
961270
960860
960853
960749
960635
960618
960601
960564
960558
960326
960059
960055
960006
959861
959850
959850
959820
959679
959579
959066
958349
958325
958256
956977
956787
956713
956490
956379
956318
956214
956151
956045
956005
955949
955921
955832
955739
955658
955345
955326
955051
955046
954989
954741
953888
953870
953529
953193
953169
953057
952456
952224
952223
952154
952108
951917
951427
950854
950700
949733
949613
949581
949245
949223
949158
948882
948822
948771
948232
948169
948165
948034
948016
947919
947347
947296
947086
947053
947033
946988
946269
945923
945893
945508
945384
945038
944943
944934
944904
944857
944811
944782
944693
944605
944141
944111
943716
943701
943406
943344
943208
943178
942949
942567
941806
941177
941048
941016
941001
940918
940855
940639
940627
940618
940336
940280
940050
939808
939759
939729
939715
939512
939354
939321
938866
938391
938280
938142
937855
937843
937769
937742
937539
937189
937017
936972
936882
936237
936135
936130
935725
935683
935612
935542
935146
934934
934438
933498
932897
932396
932357
931933
931873
931691
931635
931117
930833
930367
930132
930064
929928
929695
929666
929657
929489
928859
928408
928386
928356
928254
928201
928194
928143
928006
927916
927835
927507
927502
927466
927350
927268
927217
927184
927162
927045
926867
926770
926756
926631
926487
926113
926051
925811
925624
925467
924933
924905
924769
924736
924442
923893
923741
923580
923476
923169
923020
922767
922746
922615
922525
922037
921983
921739
921025
920930
920534
920369
920073
920027
919885
919849
919671
919580
919517
919482
919013
918817
918677
918646
918520
918461
918110
917553
917435
917222
916978
916976
916409
915864
915525
914938
914871
914746
914710
914312
914307
914198
913991
913576
912885
912881
912864
912797
912529
912308
912241
911895
911630
911574
911572
911509
911358
911111
911048
910893
910735
910574
910478
910376
910115
909846
909740
909210
909139
908930
908807
908436
908332
908123
908080
907671
907341
907306
907205
907201
907159
906735
906640
906463
906124
906031
905947
905896
905654
905202
905124
904956
904901
904782
904702
904702
904648
904638
904614
904353
904109
904014
903155
903141
903076
903071
903060
902946
902325
902315
902265
902173
901488
901437
901170
900942
900860
900712
900619
900390
900277
900202
899779
899633
898400
898203
898011
897775
897090
897013
896922
896669
896617
896584
896518
896478
896385
896346
896288
896263
896046
895758
895694
895602
895350
895207
894855
894846
894787
894680
894325
894307
894213
894056
893866
893757
893707
893570
893212
892548
892478
892153
891945
891930
891680
891559
891363
891187
890376
889885
889769
889263
888988
888819
888686
888367
887997
887996
887831
887751
887617
887269
887075
886915
886656
886496
886046
885612
885262
885246
884798
884792
883969
883820
883684
883645
883213
883091
882994
882925
882843
882519
881984
881938
881197
881081
881078
880569
880527
880504
880453
880389
880250
880159
880078
879971
879897
879660
879452
878941
878908
878830
878829
878773
878724
878626
878500
878473
877906
877555
876044
875863
874800
874624
874554
874505
873998
873914
873875
873822
873803
873629
873574
873344
873296
873116
872898
872854
872811
872751
872703
872679
872425
871909
871078
870793
870730
870705
870369
870011
869547
869203
869126
869032
868899
868740
868365
867956
867902
867765
867695
867645
867225
867175
866852
866737
866524
866472
865962
865418
865395
865336
864858
864817
864798
864740
864510
864184
863905
863268
863170
863091
862879
862255
862109
862084
861101
860967
860856
860717
860646
860448
860299
860212
860072
859643
859581
859556
859143
859138
858961
858831
858558
858408
858328
858208
858159
857997
857875
857802
857474
857241
857107
857071
857019
856767
856762
856723
856574
856346
856204
855611
855558
855530
855065
854681
854434
854205
854112
853934
853633
853036
852931
852755
852371
851986
851788
851488
851032
850819
850597
850304
850197
849645
849149
849062
848889
848877
848573
848374
848183
847598
847584
847273
847115
846806
846748
846737
846620
846599
846597
846480
846332
845945
845618
845456
845375
845296
844783
844647
844561
844517
844273
843823
843721
843503
843358
843357
843229
843012
842426
842283
842195
841730
841227
841082
841064
841041
840031
839985
839504
839360
839019
838626
838554
838404
838196
837479
837010
836784
836107
836052
835954
835892
835852
835657
835639
835576
835571
835479
835380
835341
835168
835033
834947
834895
834847
834583
834410
833861
833632
833472
832758
832733
832374
832147
832109
831914
831747
831391
831271
830628
830555
830293
830209
829765
829716
829656
829550
828953
828805
828660
828520
828406
828263
827756
827624
827497
827349
827283
827191
827159
827006
826862
826716
826464
826172
826082
826026
825995
825603
825601
825440
825315
825213
824938
824886
824760
824550
824468
824466
824216
824146
823886
823740
823740
823575
823079
823017
822860
822647
822599
822081
821507
821008
820965
820852
820774
820756
820682
820634
820584
820371
820273
820254
820166
819857
819762
819681
819201
818978
818729
818020
817987
817929
817897
817891
817808
817697
817471
816959
816890
816849
816838
816399
815903
815746
815681
815102
814997
814958
814879
814863
814564
814366
814334
814206
814152
813927
813906
813802
813743
813475
813422
813319
813165
812939
812666
812587
812405
812294
812167
811886
810928
810749
810707
810590
810327
810286
810170
809699
809646
809409
809374
809215
809207
808731
808525
808199
808138
808116
808066
808039
807738
807654
807484
807474
807041
806940
806781
805752
805542
805477
805450
805361
805356
805192
805176
805087
805071
804841
804005
803998
803699
803233
803153
803043
802851
802773
802630
802321
801942
801721
801684
801228
801136
801124
801041
800675
800605
800307
800302
799792
799339
799313
799115
799042
799018
798584
798263
798067
798056
797939
797106
797080
796211
796086
795761
795721
795597
795227
794952
794812
794788
794734
794652
794629
793911
793711
793560
792930
792581
792457
792332
791681
791665
791527
791276
791092
791014
790984
790871
790843
790838
790621
790520
790477
790185
789990
789380
788998
788933
788769
788669
788019
787934
787872
787792
787588
787519
787400
787238
787225
787068
786867
786631
786579
786534
786441
786248
786125
785908
785804
785540
785522
785497
785461
785122
785055
784955
784683
784673
784641
783828
783757
783732
783699
783625
783579
783445
783221
782952
782851
782827
782291
781496
780747
780005
779885
779873
779480
779412
779315
779297
779276
778917
778876
778797
778406
778303
778244
778236
778234
778187
778153
777963
777944
777631
777625
777600
777532
777494
777162
776854
776795
776511
776226
776091
775997
775926
775849
775657
775508
774958
774882
774735
774647
774531
774486
774440
774329
774247
774242
774094
773765
773739
772586
772559
772359
772275
772164
772052
771922
771402
770828
770727
770453
770316
770271
770141
769708
769653
769219
768757
768676
768017
767900
767842
767782
767308
767266
767151
766667
766654
766540
766188
766162
765770
765661
765572
764905
764745
764593
764391
764134
764041
763878
763624
763535
763147
762803
762500
762443
762282
762261
762066
761746
761509
761422
761113
760844
760700
760060
760044
759951
759850
758918
758818
758750
758713
758527
758273
758221
758191
758086
758047
757835
757457
757315
757023
756946
756818
756797
756721
756713
756696
756630
756544
756521
756434
756257
756151
756124
755843
755516
755169
754894
754761
754746
754587
754319
754303
754214
754159
754097
753927
753385
753222
752236
752083
751909
751239
751061
750975
750761
750614
750586
750375
750222
750113
750001
749963
749831
749683
749652
749576
749549
749061
748769
748677
748556
748544
748119
747814
747764
747648
747643
747436
747242
747176
746941
746879
746727
746513
746289
746172
745916
745185
745167
744872
744696
744126
744103
743839
743707
743672
743660
743297
742999
742708
741938
741827
741694
741564
741291
741065
741064
741017
740928
740692
740354
740304
739721
739590
739088
738802
738770
738597
738433
737937
737494
737099
736658
736279
735954
735870
735829
735732
735679
735097
734842
734712
734616
734433
733620
733585
733526
733466
733449
733266
733043
732967
732965
732941
732598
732409
732337
732316
732149
732091
731726
731639
731394
731210
731167
731079
730919
730862
730769
729911
729834
729388
729253
729176
729173
729169
729133
729094
728907
728793
728760
727874
727767
727396
727341
727176
727131
727061
726913
726912
726077
725939
725473
725273
725168
725093
724692
724509
724297
724130
723935
723324
723050
722722
722536
722440
722401
722327
722194
722081
722034
721655
721499
721404
721169
720972
720963
720321
720102
719889
719864
719851
719606
719470
719323
719094
718954
718945
718830
718420
718410
718253
717544
717533
717432
717321
717102
716475
716359
716227
716038
715766
715750
715662
715461
715228
714862
714396
714098
713924
713372
713146
712725
712558
712465
712320
711834
711549
711315
711182
710621
709719
709611
709308
709257
708792
708749
708573
708435
708310
708303
708248
708240
707995
707763
707739
707701
707393
706254
706132
706109
705953
705792
705742
705585
705540
705450
705402
705237
704347
704256
704231
704204
703374
703331
703231
703156
702958
702879
702837
702653
702439
702127
702047
701450
701218
700664
700525
699930
699644
699592
699508
699166
699088
698704
698308
698184
697598
697483
697188
697103
696561
696285
696276
696100
696032
695923
695897
695832
695813
695803
695760
695754
695655
695491
695180
695043
694959
694951
694795
694678
694651
694605
694435
693754
693726
693676
693664
693513
693077
693004
692940
692890
692701
692310
691992
691718
691702
691626
691586
691152
691060
690813
690430
690309
690159
690150
689636
689490
689394
689089
688849
688841
688654
688556
688449
688420
688366
688080
688018
687837
687554
687402
687374
687371
687246
687211
687111
686740
686612
686530
686497
686438
686311
686272
686203
686089
686007
685839
685623
685442
685395
685242
684868
684460
683587
683421
682779
682778
682755
682153
682118
682068
681836
681729
681557
681343
681340
681169
680931
680838
680670
680442
680277
679519
678774
678742
678471
678129
677828
677773
677440
677388
677223
676744
676537
676407
676311
676229
675801
675347
675274
674524
674132
674118
673753
673740
673473
673379
673365
673160
673054
672946
672916
672829
672569
672541
672395
672343
672339
672086
672040
671766
671575
670856
670847
670672
670534
670503
670324
669958
669767
669489
668987
668985
668960
668956
668110
667945
667881
667398
667152
666952
666863
666602
666573
666560
666389
666189
666081
666014
665010
665001
664901
664644
664079
664072
663639
663576
663526
663432
663221
663126
662969
662827
662542
662393
662281
661957
661728
661582
661350
661281
660876
660670
660099
660016
659928
659347
659245
659169
659146
659071
658819
658579
657589
657549
657537
657482
657105
657043
656835
656474
656337
656116
655945
655905
655872
655785
655723
655663
655620
655516
655460
655032
654533
654423
653824
653666
653382
653049
652888
652630
652547
652541
652434
652403
651948
651899
651470
651204
650793
650587
650378
650033
649766
649289
649219
648622
648561
648507
648280
648078
647857
647843
647270
647202
647197
646980
646682
646465
646261
646126
646083
646004
645893
645764
645699
645278
644571
644551
644001
643960
643841
643577
643523
643502
643443
643234
643157
642839
642763
642449
642121
641890
641672
641512
641411
641234
641197
641002
640743
640570
640489
640467
640317
639986
639903
639879
639697
639405
639381
638927
638366
638324
638161
638117
637717
637628
637574
637524
637300
637053
637006
636883
636446
636092
635970
635965
635853
635581
635507
635500
635373
635341
635250
635153
634923
634738
634243
634067
633681
633154
633017
632877
632860
632656
632640
632388
631934
631884
631404
631391
631371
631350
631216
631207
631114
630891
630843
630650
630604
630110
630004
629866
629793
629601
629198
629022
628595
628263
628240
628174
628073
627675
627427
627260
627155
626929
626908
626732
626727
626511
626510
626455
626173
626057
625840
625527
625380
625347
625200
625006
624452
624357
623992
623554
623542
623495
623389
623376
623313
623009
622678
622634
622593
622429
622332
622243
621926
621775
621704
621534
621227
621072
620523
620383
620242
620163
620015
619982
619898
619234
619109
618861
618406
618345
618254
617927
617679
617607
617281
617226
616891
616875
616785
616576
616335
616171
616122
616028
615595
615504
614739
614612
614571
614565
614460
613630
613048
612967
612687
612517
611947
611607
611324
611309
611154
611020
610928
610863
610820
610481
610445
610371
608878
608720
608628
607972
607698
607556
607421
607006
606978
606800
606544
606477
606409
606304
606242
605830
605723
605417
605377
605300
604892
604539
604221
604169
604138
603885
603879
603610
603412
603286
603217
603175
603016
602908
602714
602432
601614
601370
601162
600863
600419
600361
600262
600068
599985
599957
599804
599627
599561
599461
598993
598947
598341
598021
597822
597599
597294
597064
597001
596894
596802
596697
596583
596188
595840
595762
595674
595469
595378
594651
594520
594191
594018
593920
593526
593485
593362
592458
592408
592326
591945
591928
591737
591382
591024
591013
590946
590520
590370
590364
590171
590049
589843
589644
589464
589373
589199
588873
588851
588839
588297
588092
587730
587591
586738
586688
586459
586286
586167
586035
585899
585230
585034
584995
584751
584555
584473
584329
584117
584076
584043
583865
583786
583740
583468
583397
583333
583262
582749
582641
582124
581953
581941
581892
581738
581661
581155
581095
580733
580608
580574
580549
580483
580332
580172
579916
579751
579603
579472
579297
579296
579175
579009
578998
578648
578387
578269
578042
577948
577737
577050
577037
576702
576680
576363
576017
575889
575600
575426
575371
574850
574118
573752
573583
573347
573244
573189
573055
572685
572560
572195
571391
571333
571238
571204
570135
570102
570021
569719
569291
569137
568992
568599
568410
568221
568041
568036
567828
567761
567548
567276
566945
566751
566577
566308
566090
565954
565927
565607
565457
564700
564052
564001
563879
563187
563112
562962
562951
562895
562860
562856
562670
562372
562348
562323
562274
562257
561359
561065
560974
560944
560942
560778
560430
560312
560297
560228
559847
559218
559097
558917
558746
558726
558611
558309
558171
558130
557811
557683
557590
557537
557435
557407
557207
556959
556935
556920
556664
556434
556299
556282
556280
556233
555761
555560
555189
555038
554965
554773
554619
554431
554264
554038
554021
554000
553823
553660
553623
553589
553172
553160
553081
552955
552803
552705
552370
552094
552088
551894
551851
551581
551395
551296
550356
550189
550022
549916
549889
549611
549279
548958
548914
548817
548669
548126
547934
547838
547644
547400
546959
546950
546321
546240
546235
546056
546008
545963
545749
545488
545397
545303
545257
544477
544453
544318
544264
544073
544069
543773
543716
543567
543242
542969
542731
542679
542674
542333
542248
542141
542059
542025
541938
541839
541499
541419
541322
541266
540467
540457
540354
540062
539725
539246
538932
538856
538804
538793
538569
538413
536895
536724
536218
536005
535983
535982
535794
535703
535263
535148
534870
534773
534586
534499
534264
534191
533890
533886
533749
533149
533053
532765
532700
532693
532477
532389
531620
531166
530626
530584
530511
530086
529952
529776
529236
529076
529055
528894
528891
528649
527904
527770
527724
527647
527565
527395
527234
527173
527141
527045
526863
526728
526728
526670
526501
526455
526309
526248
525776
525666
524897
524647
524049
523771
523593
523446
523106
522852
522808
522553
522443
522137
521731
521384
521063
521028
520650
520021
519871
519846
519803
519780
519741
519706
519448
519150
518820
518819
518596
518416
517874
517736
517685
517419
516811
516468
516194
515753
515461
515338
515318
514712
514299
514123
513954
513835
513807
513762
513634
513494
513123
512932
512855
512346
512173
511615
511470
511104
510772
510697
510183
510136
510005
509989
509673
509505
509307
509170
509068
508956
508691
508463
508436
507392
507350
507110
507048
506817
506626
506441
506259
506233
505714
505694
505633
505473
505450
505195
504940
504797
503770
503317
503145
503076
503049
503031
502712
502606
502568
502522
502461
502348
502125
501828
501653
501207
501153
500969
500941
500729
500722
500620
500590
500513
500054
499984
499926
499924
499737
499273
499164
498790
498732
498567
498450
498350
498312
498104
497638
497148
497083
496863
496571
496518
496227
495936
495427
495379
495309
495186
494914
494829
494623
494524
494488
494379
494360
494273
494242
493198
492897
492793
492203
492172
492084
491152
490924
490860
490837
490705
490685
490463
489934
489628
489090
488464
488109
487788
487527
487508
487427
487379
487136
487084
487046
486133
486066
485795
485645
485555
485525
485358
485258
484459
484109
483814
483756
483696
483435
483102
483064
483060
482885
482798
482764
482590
482511
482380
482124
482112
481985
481919
481787
481695
481562
481441
481282
481168
480775
480583
480114
479997
479909
479907
479695
479621
479520
479481
479155
478815
478752
478264
478052
478017
477562
477533
477526
477061
476882
476834
476403
476362
476302
476116
475250
474899
474664
474444
473777
473753
473704
473598
473386
473011
472759
472745
472553
472346
472265
472196
471939
471831
471616
471285
470769
470301
470294
470253
470227
470206
470043
469935
469435
468680
468495
468312
468221
468166
467984
467980
467142
467107
467087
466832
466781
466759
466733
466494
466214
466114
465849
465751
465660
465631
465590
465529
465351
465309
465155
465111
465052
464907
464858
464752
464661
464379
464237
464236
464197
464151
463943
463614
462713
462052
461665
461391
461381
461372
461287
461094
460725
460621
460127
459980
459524
459152
458920
458903
458889
458636
458600
458490
458334
458274
457754
457581
457376
457350
457324
457011
456170
456103
456042
455792
455714
455544
455428
455370
454963
454818
454806
454759
454577
454345
454322
454191
453943
453909
453337
453292
453067
452994
452839
452732
452669
452495
452494
452434
452265
452139
452083
451959
451862
451652
451611
451506
451399
451394
451346
451123
451034
450921
450716
450697
450622
450567
450444
450403
450313
450279
449793
449421
448932
448788
448754
448536
448433
448201
448043
447932
447737
447431
446829
446394
446393
446036
445931
445871
445826
445806
445791
445307
445222
445183
445110
444832
444803
444572
444256
444070
443870
443721
443691
443690
443214
443179
443102
442697
442550
442437
442057
441983
441638
441483
441297
441245
440684
440664
440372
440336
440331
440027
439849
439634
439466
439083
438809
438759
438742
438636
438600
438549
438385
438126
438076
437453
437358
437147
436992
436939
436885
436838
436302
436146
436140
436042
435942
435714
435680
435161
435075
434033
433767
433728
433540
433282
432809
432731
432641
432552
432337
432183
431955
431679
431531
431477
431293
431180
430963
430645
430044
429979
429912
429867
429859
429848
429690
429333
428464
428365
428360
428317
428316
428242
428180
427855
427623
427613
427175
426636
426491
426467
426339
425882
425793
425640
425432
425296
425269
425150
424857
424837
424510
424402
424029
423900
423685
423659
423550
422988
422971
422910
422890
422850
422546
422535
422438
422353
422145
421644
421467
421131
421130
420915
420729
420600
420009
420002
419987
419982
419831
419733
419663
419044
418694
418480
417088
417028
416303
415922
415690
415589
415403
415399
415244
414902
414892
414632
414311
414237
414022
413963
413930
413569
413460
413154
412805
412768
412730
412540
412196
411758
411384
410828
410169
409975
409749
409735
409664
409590
409392
409384
409205
408926
408558
408370
407993
407958
407786
407754
407463
407000
406963
406834
406834
406537
405958
405654
405380
404829
404742
404606
404560
404453
404357
403930
403911
403297
403268
402303
402046
401728
401701
401688
401472
401423
401409
401401
401112
401065
401027
400914
400834
400482
400455
400269
400249
400102
399913
399906
399880
399704
399624
399362
399352
398973
398925
398876
398643
398559
398467
398466
398437
397881
397724
397575
397095
396559
396518
396300
396283
396255
395332
395287
395247
395098
395076
395031
394983
394832
394798
394773
394658
394084
393963
393876
393807
393672
393278
392872
392524
392335
392284
392250
392216
392037
391975
391882
391808
391606
391276
390945
390841
390702
390433
390425
390399
390182
390156
389920
389865
389591
389359
389054
388615
388532
388429
388159
387701
387524
387345
386867
386448
386312
385989
385854
385051
385018
384816
384816
384692
383783
383543
383412
383304
383190
382955
382902
382890
382622
382555
382448
382352
382285
381919
381826
381623
381551
381387
381326
381088
380996
380926
380901
380881
380394
380361
379903
379882
379824
379818
379811
379412
379059
378410
378399
378305
378285
378191
378132
378033
378016
377984
377883
377694
377659
377607
377250
376698
376504
376342
376157
376134
375916
375897
375897
375600
375540
374930
374925
374188
373757
373461
372987
372798
372756
372755
372741
372719
372615
372351
372285
372035
371977
371963
371903
371788
371757
371721
371303
371205
370963
370836
370721
370556
369655
369146
368981
368681
368533
368482
368461
368370
368232
368110
368022
367906
367845
367619
367573
367529
367421
367141
367102
366975
366810
366695
366595
366360
366321
366265
366133
365631
365592
364787
364553
364526
364103
363729
363708
363640
363355
363105
363065
363061
362354
362345
362277
362173
361866
361398
360981
360336
359913
359864
358952
358925
358921
358864
358777
358473
357973
357928
357629
357152
356898
356829
356774
356590
356190
355884
355674
355642
355625
354908
354906
354720
354579
354531
354471
354280
353697
353676
353500
353458
353452
353419
353358
352580
352303
352192
352082
351663
351016
350895
350739
350439
350369
350211
350185
349968
349886
349716
349636
349594
349444
349224
348908
348900
348552
348476
348166
347577
347248
347114
347040
346892
346773
346743
346385
346369
346347
346330
345883
345877
345806
345746
345408
344828
344799
344542
344389
344255
344216
343957
343358
343216
342839
342618
342366
342263
342112
341738
341473
341428
341386
340982
340959
340922
340241
340006
339980
339920
339773
339709
339639
339150
339095
338917
338779
338764
338755
338645
338303
338245
338151
337087
336931
336759
336155
335680
335462
335451
334848
334748
334746
334716
334693
334583
334206
333851
333375
333286
333162
333046
332744
332710
332415
332413
332392
332104
331991
331947
331922
331878
331865
331744
331558
331508
331235
331191
331028
330841
330649
330579
330069
329970
329102
328955
328928
328859
328762
328322
328280
328057
327850
327825
327514
327496
327323
327071
327070
326969
326939
326870
326116
325988
325942
325932
325733
325652
325485
324987
324630
324525
323988
323719
323555
323024
322860
322547
322089
322085
321651
321638
321104
319953
319512
319407
319222
318794
318499
318498
318119
317881
317760
317659
317649
317402
317192
316934
316861
316780
316711
316142
316036
315624
315396
315354
315329
315202
314564
314522
313964
313948
312869
312846
312802
312594
312395
311763
311663
311292
311076
311008
310513
310312
310219
309904
309897
309867
309792
309661
309523
309509
309460
309152
309142
309036
308845
308671
308599
308557
308364
308240
307834
307389
307097
307056
306828
306775
306618
306616
306569
306128
305942
305910
305636
305455
305425
305318
305312
305282
304889
304540
304520
304433
304245
303885
303784
303744
303565
303564
303515
303285
302729
302655
302638
302135
301916
301304
300950
300567
300220
300216
300213
300121
300016
299802
299283
299192
298981
298815
298762
298740
298727
298066
297757
297387
296969
296954
296684
296445
296438
296396
296341
295807
295567
295406
295397
295310
295188
294978
294473
294437
293976
293747
292646
292584
292555
292477
292287
292257
292074
291837
291656
291643
291561
291444
291108
290990
290884
290743
290184
290105
290077
290046
289983
289823
289605
288865
288754
288438
288375
288347
288314
287895
287724
287553
287545
287484
287482
287441
287311
287205
287033
286924
286771
286585
286026
285957
285822
285784
285685
285596
284896
284201
284129
284123
283936
283784
283681
283662
283392
282856
282679
281248
280699
280660
280583
280571
280489
280362
280061
279819
279761
279729
279621
279513
279470
279271
278976
278853
278367
278337
278200
277785
277513
277098
276204
276052
275943
275403
275322
275033
274545
274371
273955
273887
273780
273719
273532
272993
272870
272808
272666
272538
272518
272470
272280
272227
272137
271401
271244
271009
270907
270654
270507
270471
270401
270231
270076
269131
269126
269103
268843
268800
268755
268752
268104
267466
266970
266793
266704
266338
265955
265580
265573
265088
265080
264732
264617
264540
264352
264221
264155
264019
263879
263800
263562
263525
263503
263276
262609
262324
261754
261706
261683
261041
261026
260966
260836
260689
260660
260416
260305
260248
259705
259566
259518
259511
258916
258774
258469
258398
258318
258037
257266
257159
256907
256860
256496
256382
255871
255806
255766
255671
255608
255383
255179
255148
255012
254585
254564
254442
254025
253895
253796
253390
253301
253184
253126
253065
252860
252536
252229
251872
251462
251428
250851
250527
250436
250337
250180
250147
250135
249925
249559
249512
249494
249437
248695
248490
247890
247813
247614
247608
247466
247295
247193
247115
247111
247071
247012
246987
246754
246752
246573
246204
245960
245733
245530
245040
244895
244552
244469
244387
244351
244046
243978
243461
243453
243214
243045
242827
242812
242453
242258
242083
242002
241876
241861
241805
241280
241235
241034
240718
240641
240622
240441
240419
240204
240078
240070
239897
239875
239594
239069
238853
238725
238662
238619
238431
238067
237057
237021
236797
236611
236495
236438
236249
235979
235894
235877
235868
235835
235778
235532
235118
235026
234961
234451
234328
234194
234053
233793
233469
233287
233076
232993
232892
232717
232574
232303
232228
232045
232000
231888
231467
231364
231111
230938
230792
230368
230229
230204
230143
230062
229886
229857
229804
229679
229666
229455
229373
228946
228583
227811
227684
227585
227202
227070
227003
226608
226295
226293
226279
226159
226128
225980
225751
225597
225592
225364
225317
224857
224350
224224
224137
224070
223787
223680
223661
223294
223265
223014
222588
222560
222336
221798
221529
221516
221193
221076
220612
220502
220321
220010
219576
219567
219475
219379
219118
218975
218753
218259
218151
218099
218058
217892
217820
217608
217155
217132
217021
216824
216739
216733
216620
216164
215729
215580
215551
215516
214972
214863
214826
214606
214426
214279
213715
213589
213548
213450
213375
213320
213283
212960
212842
212750
212640
212432
212312
212011
211828
211557
210814
210800
210715
210696
209591
209494
209342
209289
209186
209065
209028
208841
208477
208284
207996
207928
207732
207605
207490
207474
207437
206993
206891
206357
206288
206240
205711
205440
205078
204263
204259
203933
203793
203067
202849
202820
202794
202575
202511
202419
202078
202053
201977
201534
201327
201194
200641
200471
200172
200104
199959
199772
199541
199474
199403
199325
199209
199191
198864
198541
198200
198048
197617
197279
196812
196767
196480
196345
196293
196150
195639
195409
195105
194842
194637
194622
194579
194567
194438
194265
194243
193938
193891
193833
193559
193537
193507
193362
193206
192217
192212
191962
191773
191689
190971
190913
190687
190618
190440
190331
190135
190026
189913
189630
189586
189485
189449
188977
188962
188667
188489
188405
187806
186770
186353
185573
184987
184951
184868
184682
184638
184022
183982
183625
183391
183337
183313
183252
182965
182181
181888
181815
181649
181488
181417
181410
181286
181198
181147
181142
181110
180989
180966
180805
180723
180592
180541
180003
179440
179302
179115
178803
178771
178712
178677
178620
178551
177989
177839
177448
177441
177300
177125
177122
177072
176827
176819
176776
176766
176432
176337
176040
175858
174957
174613
174317
174291
174158
174079
174031
174012
173954
173850
173659
173614
173571
173517
173223
173133
172492
172424
172091
171850
171264
171205
170857
170753
170753
170329
170228
169950
169625
169526
169448
169394
169150
168424
168419
168086
167988
167428
167076
166819
166794
166646
166365
165617
165597
165385
164833
164654
164611
163807
163050
162173
162032
161448
161414
161157
160910
160643
160561
160021
159611
159455
159112
159001
158907
158788
158612
158608
158064
156996
156589
156443
156300
156290
156123
156089
155422
155205
155175
155143
154774
154236
154134
153460
153241
152439
152309
152098
151849
151513
151343
151299
151068
150811
150804
150686
150313
150222
149867
149695
149675
149485
149468
149252
149033
148966
148862
148754
148735
148315
148293
147351
147301
147185
147092
146807
146803
146542
146433
146298
146138
145841
145621
145493
145381
145310
145191
145143
144752
144749
144705
144448
143942
143595
143312
142865
142811
142699
142468
142417
142406
142382
142074
141988
141793
141547
141431
141150
141148
141035
140935
140780
140165
140017
139775
139675
139397
138825
137760
137344
137225
137002
136893
136782
136713
136688
136033
135993
135471
135352
135343
135027
134870
134713
134652
134588
134525
134453
134439
134408
134323
134159
134002
133964
133539
133403
133362
133105
132418
132264
132254
132223
132070
131796
131241
130913
130626
130574
130446
130297
130197
130009
129334
129304
129168
128858
128813
128601
128516
128225
127407
127081
126739
126587
126400
126271
125495
125453
125322
125272
125114
124898
124756
124661
124640
124488
124421
124376
124102
124094
123838
123746
123710
123315
123147
123102
122924
122849
122734
122688
122444
122438
122326
121801
121695
121532
121245
121148
121042
120795
120665
120430
120320
119900
119873
119558
119532
119402
119360
119041
118856
118798
117980
117947
117911
117496
117382
117350
117037
116448
116429
116367
116248
116145
115788
115725
115474
115028
114860
114793
114645
114554
114379
114314
114313
114208
114074
113485
113482
113403
113236
113038
112250
111980
111976
111789
111758
111699
111320
111253
110859
110791
110347
110126
110055
109968
109777
109527
109450
109446
109332
109100
108630
108495
108474
108382
108368
108351
107934
107788
107372
107338
107096
106952
106694
106513
105695
104958
104841
104582
104494
104382
104139
104128
103928
103703
103676
103413
103062
103016
102335
101891
101849
101323
101143
101115
100956
100915
100878
100571
100183
100099
99932
99875
99775
99572
99571
98939
98750
98733
98628
98444
98148
98102
97766
97736
97735
97317
97239
97025
96872
96849
96456
96408
96298
96234
96177
95786
95499
95465
95320
94963
94936
94828
94715
94620
94388
94127
93593
92828
92591
92468
92439
92318
92179
92063
91943
91812
91102
91081
91050
90980
90910
90712
90259
90217
89848
89645
89111
89026
88961
88868
88754
88622
88572
88466
88433
88320
88239
87916
87560
87002
86983
86749
86666
86617
86533
86528
86486
86460
86417
86257
86125
85973
85947
85812
85730
85398
85158
84939
84457
84396
84314
84263
83660
83634
83604
83574
83554
83049
83006
82858
82590
82324
82226
82108
81974
81778
81684
81530
81268
80333
80312
80304
80266
79812
79574
79274
79239
79138
79053
78807
78680
78387
78233
77806
77347
77265
77047
77010
76349
76324
75990
75739
75456
75276
75276
74848
74646
74568
74465
74412
74390
73975
73966
73883
73788
73670
73276
73167
72952
71844
71743
71427
71304
70435
70233
69715
69459
68556
68136
67888
67374
67082
66799
66644
66615
66332
66138
65972
65851
65538
65464
65455
65340
64660
64554
64412
64050
63898
63872
63749
63431
63375
63141
63108
62991
62819
62588
62571
62558
62522
62509
62291
61798
61705
61621
61610
61447
61441
60570
60552
60508
60471
60393
60255
60040
59834
59330
58788
58645
58116
57614
57351
57327
57093
56758
56706
55666
55291
55062
54943
54749
54386
54100
54036
53467
53359
52008
51893
50834
50777
50424
50305
50246
50041
49893
49345
49205
49190
49105
48993
48892
48851
48809
48626
48620
48615
48436
48387
48033
47620
47573
47350
47177
47130
47092
46807
46644
46619
46435
46405
46098
46055
45632
45620
45617
45608
45338
45289
45251
45190
44674
44629
44229
44119
43853
43713
43389
42975
42372
41962
41907
41680
41273
40802
40464
40214
40092
39800
39748
39696
39591
39568
39529
39343
39293
38912
38453
37953
37804
37753
37736
37314
36724
36545
36515
36466
36315
36284
36276
36218
36039
35848
35738
35609
35479
35259
35048
34529
34305
34294
34169
34060
33929
33685
33654
33570
33564
33404
32958
32320
32174
32009
31764
31676
31572
31518
31493
31308
30471
30381
30260
30073
30020
29903
29749
29141
28917
28573
28453
28199
27978
27469
27402
27332
27308
27143
27016
26863
26713
26586
26185
25959
25944
25510
25449
25228
25195
25134
24718
24509
23881
23881
23854
23838
23507
23259
23141
23122
22894
22618
22300
21965
21951
21768
21711
21460
21180
21113
21065
20787
20142
19845
19225
18503
18399
18298
18092
17770
17699
17620
16934
16813
16308
16218
16164
16058
15555
15524
15374
15240
15184
15023
14991
14837
14183
14128
14119
13965
13900
13898
13861
13556
13124
12797
12671
12375
11978
11768
11718
11664
11422
10570
10435
9851
9831
9690
9611
9135
9089
8899
8773
8431
8181
7639
7622
7218
7144
6870
6638
6552
6314
6303
6216
5973
5570
5566
5262
5034
4918
4471
4457
4408
4194
4193
4134
4010
3926
3876
3799
3665
3597
3576
3533
3373
3339
3325
3099
2928
2843
2600
2554
2306
2229
2198
2171
2146
1925
1417
1405
1375
1296
1221
1132
1005
866
741
22
-11
-49
-412
-593
-1027
-1205
-1358
-1813
-2189
-2417
-2613
-2749
-2873
-3099
-3280
-3849
-3876
-4064
-4168
-4979
-5053
-5139
-5458
-5567
-6004
-6168
-6225
-6492
-6625
-7034
-7064
-7950
-8083
-8189
-8311
-8402
-8508
-8917
-9049
-9189
-9218
-9931
-10380
-10460
-10793
-10895
-11330
-11337
-11603
-11634
-11736
-12013
-12502
-12792
-12828
-13042
-13145
-13384
-13388
-13546
-13596
-13699
-13760
-14038
-14164
-14184
-14272
-14698
-14959
-15043
-15357
-15943
-15963
-16083
-16417
-16646
-17618
-18629
-18753
-18767
-18782
-19357
-19379
-19540
-19580
-19846
-20084
-20174
-20193
-20530
-20563
-21100
-21134
-21138
-21281
-21362
-21493
-21736
-21957
-22101
-22129
-22283
-22335
-22438
-22662
-22857
-23723
-23827
-23842
-23929
-23959
-24096
-24205
-24275
-24636
-24720
-24784
-24961
-25446
-26056
-26264
-27127
-27321
-27425
-27886
-28013
-28306
-28403
-28432
-28454
-29037
-29169
-29395
-29538
-29700
-29808
-29811
-29978
-30044
-30067
-30070
-30191
-30312
-30316
-30335
-30498
-30814
-30884
-30908
-30934
-31051
-31138
-31148
-31200
-31934
-31942
-31997
-32426
-32460
-32568
-32576
-32678
-33252
-33252
-33389
-33449
-33614
-33619
-33986
-34439
-34450
-34914
-34928
-35167
-35306
-35794
-36133
-36225
-36398
-36490
-36536
-36918
-37130
-37323
-37538
-37547
-37572
-37806
-37888
-37962
-38054
-38531
-38579
-38770
-39124
-39167
-39422
-39597
-39600
-39829
-39831
-39954
-40073
-40318
-40437
-40467
-40546
-40560
-40565
-40809
-41052
-41073
-41090
-41264
-41582
-41695
-41797
-41847
-42033
-42062
-42064
-42276
-42456
-42539
-42814
-43195
-43355
-43615
-43813
-44057
-44131
-44144
-44316
-44522
-45068
-45463
-45477
-45812
-46192
-46448
-46629
-46689
-46992
-47418
-47520
-47523
-47622
-47839
-47854
-47862
-47909
-48099
-48157
-48168
-48311
-48795
-48806
-48817
-48955
-49018
-49228
-49729
-49835
-49866
-49913
-49988
-50079
-50144
-50205
-50380
-50494
-50944
-51108
-51356
-51627
-51976
-52391
-52601
-52614
-52672
-52866
-52880
-52918
-53293
-53451
-53490
-53515
-53903
-54382
-54449
-54661
-54904
-55189
-55817
-55895
-55970
-55970
-56138
-56455
-56574
-56752
-57241
-57520
-57755
-57836
-58085
-58102
-58261
-58375
-58694
-59957
-60172
-60637
-60665
-60757
-60853
-60956
-61094
-61389
-62031
-62115
-62130
-62197
-62708
-62738
-62984
-63009
-63153
-63231
-63320
-63529
-63927
-63970
-64304
-64547
-64561
-64669
-64819
-64832
-64893
-64920
-64983
-65185
-65207
-65904
-66007
-66094
-66140
-66180
-66308
-66512
-66545
-67014
-67078
-67106
-67823
-68087
-68131
-68159
-68696
-68701
-68727
-68874
-68982
-69255
-69308
-69320
-69516
-69689
-70174
-70175
-70273
-70361
-70552
-71260
-71304
-71407
-71839
-72013
-72041
-72043
-72091
-72190
-72237
-72238
-72312
-72663
-72784
-72822
-72917
-73187
-73258
-73387
-73419
-73770
-73896
-74280
-74527
-74708
-74867
-74877
-74915
-74978
-75269
-75270
-75278
-75757
-75974
-76157
-76272
-76773
-76934
-77332
-77945
-78023
-78068
-78087
-78722
-78823
-78905
-79057
-79132
-79209
-79803
-80102
-80322
-80419
-80513
-80547
-80737
-80754
-80942
-81134
-81181
-81257
-81299
-82032
-82037
-82328
-82540
-82552
-82624
-83060
-83165
-83622
-83659
-83734
-83838
-84009
-84239
-84507
-84715
-84980
-85419
-85526
-85602
-85609
-85653
-85660
-85716
-85965
-86355
-86445
-87429
-87452
-87456
-87492
-87608
-87686
-87846
-87971
-88762
-88794
-88980
-89118
-89273
-89425
-89755
-89882
-89943
-90511
-90544
-90677
-90704
-90737
-90861
-90909
-91155
-91619
-91859
-91952
-92240
-92370
-92464
-92837
-92841
-92870
-93150
-93208
-93766
-93805
-94409
-94506
-94525
-94558
-94928
-95175
-95699
-95743
-96002
-96407
-96433
-96434
-96707
-96857
-97110
-97160
-97454
-97676
-97727
-98159
-98166
-98290
-98659
-98969
-99174
-99359
-99584
-99855
-100565
-100660
-100710
-101678
-101809
-101813
-102324
-102656
-103000
-103072
-103114
-103358
-103433
-103557
-103600
-103626
-103649
-103852
-104688
-104837
-105127
-105332
-105416
-105593
-105822
-106004
-106061
-106329
-106333
-106454
-106500
-106927
-107526
-107906
-108302
-108591
-109144
-109412
-109455
-110040
-110104
-110266
-110297
-110308
-110721
-110727
-110739
-110840
-110847
-111181
-111258
-111386
-111452
-111467
-111903
-112662
-112817
-112858
-112902
-112976
-113002
-113395
-113652
-113836
-114023
-114148
-114413
-114514
-114680
-114738
-115060
-115965
-116189
-116470
-116514
-116566
-116578
-116676
-116865
-116950
-117226
-117591
-117750
-117756
-117914
-118181
-118645
-118788
-118992
-119004
-119028
-119061
-119117
-119288
-119331
-119375
-119437
-119472
-119624
-119764
-119856
-119873
-120081
-120355
-120566
-120917
-120945
-121158
-121357
-121562
-121659
-121796
-122014
-122015
-122107
-122239
-122706
-123382
-123683
-123700
-123763
-124060
-124091
-124248
-124415
-124820
-125326
-125777
-125798
-125947
-126027
-126028
-126244
-126309
-126641
-126911
-127098
-127108
-127306
-127358
-127440
-127559
-127941
-128176
-128662
-129124
-129596
-130077
-130212
-130238
-130434
-131009
-131028
-131118
-131220
-131574
-131625
-131844
-131853
-132147
-132698
-133014
-133234
-133433
-133675
-133882
-134911
-134957
-135596
-135720
-135998
-136129
-136540
-136545
-136593
-136909
-137378
-137477
-137502
-137510
-137885
-138273
-138490
-138540
-138923
-138995
-139024
-139127
-139424
-139690
-140305
-140307
-140351
-140354
-140511
-140793
-140987
-141018
-141153
-141412
-141423
-141707
-141762
-142061
-142062
-142065
-142189
-142261
-142283
-142293
-142309
-142309
-142706
-143080
-143089
-143295
-143564
-143573
-143605
-143883
-143953
-144173
-144488
-144605
-144625
-144702
-144879
-144950
-145023
-145148
-145284
-145317
-145639
-146040
-146204
-146291
-146344
-146417
-146604
-147670
-147927
-147969
-148232
-148486
-148740
-148936
-149093
-149190
-149483
-149588
-149907
-149933
-149943
-150244
-150491
-151010
-151130
-151425
-151858
-151993
-152120
-152129
-153054
-153317
-153454
-153770
-153913
-154418
-154534
-154545
-154607
-154632
-154786
-154864
-154885
-154993
-155077
-155139
-155233
-155378
-155649
-155998
-156212
-156323
-156355
-156404
-156430
-156536
-156675
-156720
-156769
-157384
-157390
-157659
-157697
-157703
-157821
-158120
-158125
-158155
-158206
-159130
-159246
-159340
-159385
-159759
-160219
-160255
-160561
-160700
-160794
-160826
-161269
-161587
-161622
-161743
-161877
-162003
-162195
-162228
-162735
-162913
-163024
-163264
-163866
-164185
-164233
-165062
-165140
-165211
-165238
-165242
-165280
-165314
-165541
-165568
-165652
-165663
-165750
-165961
-166193
-166735
-166892
-167020
-167080
-167145
-167422
-167542
-167656
-167768
-167774
-168161
-168178
-168784
-168785
-168959
-169003
-169708
-169843
-170204
-170416
-170819
-170866
-171504
-171751
-172222
-172383
-173140
-173255
-173283
-173394
-173421
-173587
-173848
-173879
-174023
-174154
-174270
-174834
-174852
-174880
-175040
-175118
-175462
-175604
-175627
-175633
-175823
-176144
-176300
-176465
-176769
-177216
-177313
-178189
-178498
-178806
-178923
-179590
-179646
-179693
-179749
-180107
-180354
-180394
-180695
-181008
-181526
-181738
-182103
-182367
-182450
-182450
-182689
-183365
-183406
-183408
-183746
-184051
-184310
-184491
-184675
-185055
-185063
-185086
-185248
-185664
-185691
-185701
-185987
-186110
-186472
-186651
-186947
-187068
-187305
-187366
-187513
-187977
-188512
-188829
-189239
-189385
-189549
-189568
-190059
-190264
-190302
-190500
-191203
-191232
-191527
-192285
-192366
-192424
-192669
-193028
-193715
-193762
-193805
-193907
-194002
-194533
-194738
-194924
-195084
-195214
-195624
-195743
-195802
-195927
-196073
-196153
-196370
-196423
-196601
-196638
-196659
-196798
-196904
-196931
-197297
-197828
-197927
-197998
-198377
-198743
-198788
-198880
-199170
-199220
-199354
-199397
-199871
-200322
-200403
-200635
-200840
-201832
-201918
-202489
-202492
-202527
-202653
-202877
-202943
-203123
-204068
-204081
-204190
-204322
-204406
-204576
-204748
-205095
-205575
-206050
-206221
-206254
-206592
-206635
-207010
-207016
-207231
-207339
-207506
-207553
-207565
-207650
-207761
-207776
-207806
-207943
-208427
-208604
-208609
-208676
-208881
-209140
-209290
-209371
-209378
-209741
-209796
-209880
-209912
-209968
-210666
-211144
-211251
-211321
-211421
-211621
-211707
-211860
-211930
-212451
-212639
-213155
-213202
-213379
-213575
-214006
-214371
-214477
-214786
-214789
-214833
-215151
-215819
-215972
-215999
-216402
-216628
-216672
-216725
-216796
-216853
-216889
-216890
-217193
-217400
-218031
-218267
-218360
-218628
-219226
-219338
-219439
-219513
-219656
-219683
-219738
-219958
-220089
-220381
-220392
-220532
-220626
-220769
-220778
-220910
-220976
-221550
-221710
-221742
-221748
-221968
-222120
-222157
-222166
-222614
-222618
-222866
-222972
-223089
-223321
-223662
-223970
-223975
-224427
-224510
-224723
-225066
-225570
-225590
-225761
-225986
-226242
-226243
-226287
-226505
-226779
-226982
-227085
-227344
-227427
-227497
-227546
-228150
-228175
-228438
-228469
-228821
-228888
-229283
-229613
-229850
-229962
-230060
-230121
-230174
-230248
-230688
-230720
-230802
-230818
-230894
-230907
-230923
-230978
-231024
-231026
-231234
-231264
-231265
-231589
-231596
-231716
-231787
-232085
-232169
-232203
-232347
-232432
-232473
-232625
-233346
-233846
-233960
-233987
-234188
-234398
-234429
-234595
-234641
-234652
-234984
-235136
-235154
-235577
-235630
-235850
-236181
-236193
-236292
-236428
-236452
-237154
-237176
-237352
-237636
-237757
-237764
-237800
-237853
-237909
-238221
-238336
-238471
-238695
-238706
-238842
-239361
-240103
-240359
-240407
-240470
-240874
-240935
-241033
-241619
-241980
-242015
-242061
-242123
-242350
-242441
-243028
-243162
-243163
-243207
-243305
-243373
-243607
-243761
-243775
-243998
-244021
-244454
-244491
-244545
-244790
-245506
-245798
-246185
-246294
-246393
-246707
-246898
-247338
-247537
-247869
-247933
-248418
-248930
-249083
-249132
-249492
-249492
-249521
-249721
-249935
-250031
-250089
-250181
-250233
-250423
-250550
-251304
-251521
-251607
-251644
-251700
-251992
-252101
-252152
-252333
-252341
-252950
-252991
-253362
-253447
-253559
-254162
-254282
-254570
-254876
-255740
-255906
-256119
-256711
-256745
-256853
-257411
-257575
-257906
-258489
-258682
-259658
-259897
-260083
-260219
-260540
-260847
-261181
-261385
-261466
-261481
-261810
-261830
-262075
-262384
-262418
-262548
-262686
-262883
-262923
-263081
-263150
-263392
-263740
-264011
-264088
-264181
-264196
-264308
-264527
-264906
-265000
-265101
-265190
-266474
-266514
-266739
-266968
-267116
-267134
-267207
-267382
-267571
-267765
-268096
-268287
-268723
-269036
-269095
-269171
-269470
-269553
-270441
-271089
-271156
-271329
-271475
-271531
-271708
-271794
-271889
-271931
-272062
-272616
-272724
-272755
-273026
-273096
-273174
-273603
-273657
-273859
-273999
-274176
-274205
-274330
-274404
-274499
-275155
-275611
-276126
-276157
-276328
-276379
-276458
-276712
-276766
-276891
-276915
-276995
-277012
-277018
-277093
-277150
-277201
-277347
-277520
-277529
-277551
-277617
-277629
-277800
-277952
-278114
-278116
-278278
-278316
-278452
-278730
-278837
-279026
-279085
-279222
-279649
-279707
-279885
-280043
-280269
-280633
-280673
-280747
-281092
-281468
-281576
-281676
-281970
-282065
-282143
-282309
-282350
-282355
-282500
-282512
-282602
-282643
-283795
-283861
-283866
-283928
-283971
-283986
-284014
-284140
-284435
-285000
-285036
-285469
-285807
-285855
-286171
-286523
-286582
-286657
-286822
-286844
-287021
-287227
-287257
-287845
-288053
-288182
-288229
-289100
-289356
-289830
-289960
-289972
-290314
-290413
-290553
-290833
-290846
-290866
-291162
-291279
-291360
-291373
-291375
-291772
-291836
-291851
-292201
-292212
-292237
-292506
-292684
-292990
-293009
-293188
-293210
-294011
-294136
-294362
-294363
-294536
-294725
-295430
-295718
-295933
-296147
-296345
-296855
-296989
-297118
-297233
-297276
-297309
-297630
-297719
-297941
-297945
-297992
-298568
-298868
-299276
-299415
-299494
-299547
-300057
-300135
-300231
-300522
-300654
-300817
-301506
-301589
-301591
-301637
-301709
-301897
-302305
-302325
-302413
-302694
-303216
-303364
-303582
-303924
-304158
-304252
-304368
-305092
-305212
-305393
-305487
-305614
-306046
-306184
-307057
-307113
-307136
-307305
-307631
-307705
-307910
-308009
-308097
-308219
-308547
-308604
-308914
-308963
-308970
-309414
-309425
-309652
-309813
-309822
-309877
-310114
-310269
-310536
-311475
-311928
-312432
-312484
-312841
-312857
-312891
-313038
-313224
-313461
-314472
-314975
-314984
-315235
-315268
-315855
-315928
-316231
-316274
-316487
-316665
-317096
-317220
-317234
-317643
-318019
-318078
-318259
-318713
-318806
-318987
-319014
-319056
-319303
-319582
-319630
-319961
-320416
-320420
-321017
-321218
-321424
-321701
-322379
-322692
-322731
-322783
-322857
-323348
-323466
-323493
-323630
-323898
-323947
-324097
-324423
-324609
-324642
-324992
-325029
-325247
-325278
-325284
-325301
-325493
-325938
-326047
-326448
-326504
-326931
-327200
-327225
-327361
-327391
-327443
-327526
-327555
-327628
-327771
-327885
-328102
-328489
-328722
-328727
-328776
-328853
-328935
-329286
-329471
-329500
-329824
-330055
-330073
-330123
-330358
-330512
-330591
-330776
-330814
-330910
-331366
-331476
-331820
-332244
-332337
-332588
-332639
-332670
-332805
-333802
-333885
-334010
-334050
-334214
-334413
-334723
-334742
-334893
-335100
-335211
-335328
-336387
-336421
-336605
-336791
-336828
-336971
-337417
-337538
-337572
-337606
-337698
-337749
-337794
-338124
-338146
-338483
-338556
-338698
-339111
-339438
-339483
-339599
-339645
-339717
-339750
-339753
-340351
-340480
-340506
-340945
-341120
-341319
-341342
-341492
-341831
-341844
-341926
-342320
-342421
-342697
-343369
-343411
-343945
-344027
-344144
-344176
-344283
-344492
-344526
-344567
-344948
-345565
-345828
-345968
-346163
-346296
-346470
-346569
-346766
-346772
-346885
-347041
-347214
-347300
-347529
-348023
-348143
-348146
-348154
-348327
-348705
-348834
-349008
-349118
-349254
-349269
-349272
-349353
-349369
-349631
-349667
-350089
-350233
-350307
-350337
-350432
-350584
-350659
-350673
-350870
-350887
-350927
-351149
-351176
-351226
-351630
-351706
-351720
-351897
-352331
-353450
-353556
-353604
-353650
-353821
-353843
-354222
-354390
-355499
-355518
-355572
-355588
-355792
-355816
-355842
-355863
-355880
-355962
-356588
-356861
-356963
-357054
-357126
-357139
-357154
-357356
-357647
-357719
-357961
-358006
-358019
-358098
-358228
-358251
-358533
-358636
-358921
-359080
-359269
-359317
-359647
-360456
-360919
-361245
-361314
-361370
-361400
-361443
-361585
-362315
-362402
-363149
-363210
-363294
-363772
-363848
-363881
-364560
-364656
-364857
-365027
-365050
-365123
-365255
-365762
-365824
-366134
-366251
-366275
-366292
-366358
-366429
-366468
-366550
-366752
-366951
-367427
-367648
-367947
-368117
-368134
-368400
-368612
-368675
-368698
-368777
-369111
-369237
-369918
-370356
-370364
-370440
-370575
-371168
-371219
-371451
-371477
-371703
-371824
-371829
-372006
-372310
-372320
-372328
-372513
-372824
-373190
-373191
-373327
-373356
-373425
-373474
-373732
-373815
-373871
-373927
-373955
-374060
-374576
-374611
-374757
-374852
-375093
-375192
-375253
-375395
-375401
-375695
-375710
-375737
-376103
-376267
-376560
-376611
-376648
-376798
-376854
-377602
-377647
-377873
-378218
-378402
-378551
-378632
-378743
-378920
-379135
-379241
-379838
-380415
-380445
-380601
-380625
-380830
-381409
-381615
-381667
-381850
-381969
-382303
-382334
-382595
-382732
-382798
-382923
-383091
-383119
-383389
-383405
-383593
-383796
-384025
-384115
-384308
-384414
-384679
-384732
-384967
-385003
-385251
-385317
-385466
-385485
-385491
-385571
-385718
-386219
-386354
-386544
-386550
-386680
-387218
-387274
-387622
-387726
-387774
-387980
-388285
-388627
-388797
-389090
-389962
-390179
-390593
-390854
-390962
-391096
-391173
-391269
-391302
-391524
-391836
-391896
-392222
-392263
-392594
-392816
-392846
-392870
-392896
-392961
-393128
-393247
-393756
-393826
-393850
-393873
-393891
-393944
-394187
-394209
-394300
-394488
-394591
-395409
-395544
-395761
-396078
-396176
-396482
-396606
-396858
-396958
-397429
-397605
-398756
-399677
-399745
-399805
-400201
-400592
-400717
-400944
-400964
-401183
-401313
-401522
-401556
-401655
-401710
-401755
-402172
-402501
-402748
-403071
-403140
-403234
-403496
-404086
-404543
-404634
-404665
-405027
-405068
-405075
-405239
-405865
-405878
-406111
-406113
-406268
-406481
-406866
-406994
-407169
-407340
-407789
-408039
-408112
-408323
-408357
-408374
-408590
-409109
-409174
-409203
-409363
-409391
-409483
-409741
-410047
-410269
-410549
-410624
-410738
-410900
-411021
-411778
-411935
-412051
-412118
-412375
-412731
-412980
-413196
-413599
-413713
-413854
-413953
-414232
-415115
-415370
-415440
-415493
-415605
-415651
-415762
-416111
-416191
-416204
-416261
-416292
-416402
-416522
-417483
-417898
-417905
-418028
-418328
-418336
-418699
-418890
-418899
-419094
-419110
-419738
-419770
-419938
-419946
-420051
-420062
-420100
-420483
-420765
-420825
-420915
-421210
-421898
-421991
-422538
-422800
-422903
-422954
-423250
-423253
-423336
-423352
-423572
-423670
-423710
-423814
-424178
-424252
-424781
-425010
-425130
-425429
-425465
-425792
-425886
-426474
-426684
-427279
-427478
-427610
-427627
-427920
-427989
-428122
-428289
-428528
-429266
-429627
-429914
-429955
-430338
-430498
-430671
-430709
-430951
-431093
-431219
-431340
-431529
-431546
-432100
-432101
-432387
-432793
-432824
-432851
-433131
-433829
-433981
-434173
-434286
-434557
-434683
-435828
-435922
-436354
-436495
-436774
-436776
-436951
-437081
-437120
-437359
-437591
-437619
-437690
-437775
-437966
-438045
-438082
-438284
-438327
-438714
-438862
-439033
-439036
-439126
-439152
-439159
-439179
-439215
-439286
-440064
-440296
-440359
-440457
-440609
-440663
-440738
-441043
-441251
-441402
-441538
-441602
-441666
-441736
-442843
-443024
-443043
-443129
-443411
-443805
-443833
-443841
-443951
-444087
-444168
-444374
-444699
-444768
-444809
-445193
-445545
-445562
-445569
-446035
-446191
-446248
-446296
-446767
-447308
-447744
-447883
-447932
-447937
-448141
-448572
-449252
-449449
-449464
-450155
-450195
-450434
-450643
-451305
-451332
-451607
-451996
-452277
-452393
-452396
-452400
-452521
-452533
-452562
-453066
-453067
-453372
-453528
-453815
-453920
-453954
-454070
-454338
-454606
-454675
-455422
-456119
-456316
-456374
-456445
-456447
-456913
-457879
-458366
-458526
-458657
-459014
-459033
-459219
-459440
-459484
-459551
-459585
-459776
-459800
-459871
-460371
-460502
-460567
-460895
-461503
-461546
-462180
-462287
-462434
-462992
-463087
-463161
-463361
-463366
-463652
-463854
-463973
-464000
-464036
-464169
-464203
-464347
-464449
-465109
-465188
-465286
-465807
-465926
-466024
-466430
-466618
-466976
-466991
-467124
-467144
-467309
-467616
-468002
-468283
-468310
-468381
-468422
-469152
-469189
-469362
-469781
-469932
-469964
-470106
-470385
-470716
-470794
-470949
-471067
-471636
-472134
-472258
-472340
-472637
-472715
-472727
-472801
-472917
-473024
-473039
-473455
-474072
-474197
-474276
-474288
-474651
-474900
-475322
-475394
-475844
-475893
-476077
-476427
-476734
-476736
-476868
-477048
-477137
-477274
-477331
-477369
-477386
-477712
-477804
-477848
-477913
-477951
-478216
-478223
-478320
-478330
-478407
-478873
-479108
-479208
-479460
-479729
-480311
-480451
-480676
-480738
-480785
-480891
-481354
-481497
-481878
-482408
-482455
-482999
-483221
-483659
-483732
-484333
-484386
-484551
-484567
-484577
-485056
-485400
-485482
-485552
-485630
-485680
-485832
-485959
-485995
-486029
-486211
-486430
-486614
-487073
-487228
-487345
-487487
-487502
-487791
-488248
-488456
-488539
-488711
-488896
-488913
-489039
-489263
-489483
-490013
-490670
-490799
-491033
-492758
-493113
-493749
-494003
-494098
-494333
-494440
-494522
-494648
-495046
-495305
-495330
-495410
-495724
-495777
-496257
-497263
-497575
-497680
-497706
-498271
-498317
-498476
-499032
-499115
-499198
-499344
-499488
-499584
-499825
-500233
-500323
-500463
-501206
-501515
-501667
-501882
-502049
-502489
-502805
-502978
-503120
-503350
-503420
-503625
-504076
-504200
-504422
-504618
-504834
-504838
-504878
-505000
-505257
-505721
-505825
-505826
-506135
-506219
-506689
-506749
-506831
-506986
-507040
-507063
-507535
-507770
-507855
-507888
-507989
-508011
-508059
-508645
-508986
-509035
-509246
-509428
-509450
-509498
-509774
-510235
-510292
-510398
-510456
-510700
-510722
-511078
-511152
-511192
-511402
-511509
-512324
-512787
-512913
-513212
-513402
-513456
-513615
-514205
-514241
-514392
-515303
-516711
-516840
-516914
-517053
-517597
-517883
-518060
-518390
-518827
-519273
-519332
-519860
-520165
-520290
-520464
-520503
-520645
-520726
-521343
-521508
-521618
-522330
-522905
-523217
-523514
-524007
-524060
-524280
-524561
-524585
-524622
-524629
-524630
-525275
-525314
-525337
-525425
-525555
-525693
-525725
-525912
-526072
-526882
-527089
-527766
-528021
-528178
-528542
-528555
-528948
-529100
-529166
-529439
-529446
-529768
-529902
-529904
-530194
-530211
-530237
-530447
-530559
-530780
-530903
-531143
-531544
-531677
-531799
-531990
-532119
-532178
-532226
-532295
-532516
-532639
-532722
-532731
-533063
-533138
-533238
-533997
-534043
-534390
-534404
-534747
-535221
-535456
-535519
-535580
-536347
-536385
-536421
-537042
-537744
-537902
-538107
-538166
-538339
-539095
-539162
-539354
-539461
-539550
-539689
-540119
-540145
-540201
-540202
-540236
-540326
-540422
-541063
-541254
-541338
-541389
-541402
-541476
-541550
-541808
-541819
-541979
-542052
-542110
-542269
-542289
-542473
-542698
-542710
-542731
-542831
-542835
-543302
-543312
-543850
-543945
-544028
-544454
-544587
-544797
-545119
-545386
-545634
-546023
-546346
-546743
-546789
-546853
-546962
-547024
-547026
-548289
-548638
-549264
-550099
-550312
-550684
-550934
-551707
-551943
-552120
-552508
-552579
-552643
-552830
-552919
-553016
-553072
-553135
-553150
-553223
-553334
-553376
-553569
-553754
-553919
-554136
-554196
-554337
-554353
-554363
-555120
-555153
-555197
-555709
-555919
-556357
-556510
-556703
-556811
-557134
-557408
-557605
-557632
-557922
-558046
-558606
-558664
-559070
-559220
-559495
-559606
-559659
-559803
-560178
-560395
-560521
-560597
-560946
-561153
-561393
-561618
-561999
-562266
-562698
-562894
-563371
-563496
-563574
-563697
-563721
-564355
-564604
-564991
-565081
-565209
-565283
-565503
-566054
-566154
-566614
-566823
-566835
-566837
-567252
-567564
-568390
-568464
-568791
-568947
-569190
-569312
-569493
-569655
-569785
-570049
-570208
-570512
-571059
-571304
-571321
-571432
-571533
-571917
-572130
-572470
-572571
-572628
-572743
-572880
-573548
-573731
-573744
-573818
-573955
-574162
-574318
-574659
-574692
-574766
-575086
-575246
-575711
-575863
-576346
-576562
-576800
-576920
-577478
-578296
-578637
-579109
-579112
-579117
-579547
-579695
-579820
-579837
-579913
-579931
-579943
-580350
-580589
-580686
-580781
-580822
-581197
-581223
-581314
-581735
-582098
-582118
-582199
-582267
-582505
-582666
-582825
-582834
-583121
-583504
-583582
-583584
-583844
-583856
-584076
-584155
-584167
-584714
-584812
-584816
-585432
-585492
-585575
-585622
-585699
-585846
-586151
-586355
-586801
-587114
-587167
-587219
-587407
-587464
-587586
-587910
-588296
-589033
-589225
-589246
-589330
-590041
-590151
-590804
-591029
-591211
-591555
-591569
-591590
-591595
-592014
-592057
-592341
-593239
-594312
-594387
-594602
-594687
-594734
-594774
-595054
-595495
-595663
-595737
-595931
-596102
-596157
-596181
-596290
-596321
-596596
-596747
-597038
-597106
-597263
-597271
-597915
-598048
-598078
-598248
-598635
-599204
-599339
-599565
-599759
-600122
-600268
-600439
-600552
-600677
-600711
-600844
-600988
-601486
-602071
-602098
-602124
-602725
-603116
-603466
-603479
-603531
-603535
-603587
-603950
-604109
-604432
-604498
-604534
-604724
-604747
-604989
-605339
-605520
-605545
-605554
-605612
-605737
-605751
-605837
-605987
-605992
-606039
-606159
-606222
-606606
-607061
-607294
-607914
-608060
-608239
-608449
-608749
-608856
-608865
-609142
-609431
-609447
-609640
-609746
-610878
-610943
-610969
-610994
-611638
-612269
-612387
-612600
-612755
-612788
-613063
-613156
-613179
-613488
-613731
-613759
-613804
-613904
-613958
-614067
-614379
-614804
-614858
-614888
-614905
-615806
-615819
-616420
-616638
-616653
-617539
-617706
-617898
-618071
-618578
-618788
-618935
-619011
-619135
-619197
-619210
-619387
-619475
-619650
-619794
-619851
-620135
-620194
-620271
-620644
-620696
-620791
-620895
-621150
-621150
-621166
-621802
-621906
-622382
-622528
-622550
-622566
-622710
-622816
-622910
-623204
-623211
-623405
-623745
-623763
-623897
-623951
-624230
-624271
-624323
-624457
-624460
-624638
-624730
-625080
-625277
-625336
-625376
-625548
-625602
-625913
-626008
-626052
-626168
-626212
-626390
-626437
-626442
-626447
-626674
-626832
-627275
-627602
-627637
-627857
-627918
-628019
-628175
-628180
-628307
-628629
-628896
-629104
-629238
-629717
-629789
-629958
-630280
-630513
-630568
-630838
-630971
-631385
-631696
-631986
-632279
-632687
-633040
-633047
-633067
-633210
-633506
-633755
-634360
-634373
-634695
-634783
-634828
-634990
-635037
-635330
-635468
-635946
-635956
-636129
-636238
-636254
-636361
-636569
-636837
-636869
-637220
-637913
-638109
-638368
-638369
-638616
-638840
-638895
-638965
-639121
-639349
-639824
-639906
-639950
-639967
-640180
-640248
-640257
-640296
-640676
-640960
-641668
-641685
-641942
-642164
-642210
-642708
-642970
-643411
-643480
-643945
-644274
-644299
-644403
-644456
-645056
-645400
-645845
-645970
-646451
-646628
-646678
-646929
-647208
-647343
-647356
-647995
-648160
-648388
-648442
-648634
-649324
-649386
-649928
-650195
-650473
-650977
-651054
-651095
-651675
-652156
-652197
-652198
-652782
-652801
-652856
-653009
-653355
-653408
-653423
-653527
-653636
-653754
-654213
-654219
-654760
-654780
-655018
-655074
-655685
-655706
-656014
-656020
-656192
-656278
-656345
-656374
-656506
-656850
-656978
-657184
-657343
-658020
-658121
-658130
-658381
-658385
-658747
-658775
-658808
-658849
-659375
-659597
-659609
-659696
-659886
-660083
-660537
-660717
-661237
-661298
-661431
-661502
-662082
-662142
-662552
-662757
-663237
-663283
-663422
-663427
-663431
-663603
-663721
-664165
-664223
-664477
-664507
-664696
-664893
-665064
-665732
-665764
-665853
-665866
-665930
-666379
-666421
-667143
-667239
-667418
-667536
-667900
-668286
-668319
-668386
-668724
-668825
-669197
-669232
-669277
-669369
-669712
-669730
-669775
-669923
-669940
-670043
-670347
-670684
-670914
-671058
-671213
-671308
-671462
-671908
-672660
-672689
-672736
-672820
-672888
-673222
-673356
-673448
-673815
-674129
-674222
-674344
-674441
-674601
-674658
-674940
-675087
-675462
-675955
-675976
-676582
-676937
-676955
-677166
-677506
-677731
-677786
-677864
-677946
-678055
-678127
-678467
-678747
-678794
-679143
-679719
-680081
-680538
-680587
-680598
-680833
-680978
-681128
-681195
-681463
-681686
-681804
-681833
-681833
-681855
-682163
-682613
-682699
-683049
-683092
-683134
-683228
-683245
-683268
-683352
-683701
-683800
-683818
-683961
-684038
-684204
-685298
-685368
-685440
-685531
-685575
-685729
-685972
-686027
-686280
-686306
-686629
-687022
-687172
-687275
-688329
-688864
-689069
-689180
-689244
-689584
-689675
-689856
-690336
-690394
-690562
-690600
-690711
-691097
-691120
-691186
-691400
-691505
-691578
-691674
-691951
-692056
-692111
-692230
-692267
-692570
-692668
-692734
-692773
-692840
-693075
-693153
-693190
-693596
-693735
-694106
-694111
-694114
-694207
-694393
-694823
-695164
-695217
-695668
-695840
-695877
-696478
-696610
-696822
-696866
-696925
-697118
-697140
-697174
-697524
-698192
-698290
-698368
-698525
-699019
-699293
-699311
-699384
-699458
-699542
-699572
-699839
-699953
-700009
-700117
-700152
-700211
-700345
-700404
-700951
-701209
-701282
-701330
-701547
-701620
-701661
-701729
-701957
-702034
-702048
-702049
-702259
-702285
-702320
-702402
-702522
-702681
-702684
-702711
-702807
-702998
-703239
-703697
-703802
-703946
-705021
-705347
-705532
-705571
-705749
-706492
-706557
-706895
-706933
-707420
-707431
-707482
-707530
-708102
-708151
-709057
-709202
-709727
-709949
-710075
-710188
-710421
-710730
-710846
-710878
-710973
-711236
-711403
-711714
-711803
-711963
-712134
-712293
-712417
-712628
-712717
-712855
-712856
-713206
-713220
-713238
-713645
-713651
-713844
-713852
-713852
-714010
-714209
-714360
-714380
-714397
-714421
-714444
-714450
-714678
-714707
-714789
-714839
-714865
-715105
-715318
-715768
-715807
-716079
-716255
-716606
-716664
-716785
-716817
-716923
-717128
-717156
-717231
-718088
-718122
-718144
-718182
-718302
-718595
-718982
-719277
-719396
-719434
-719643
-719783
-719801
-719950
-720764
-720772
-721029
-721050
-721331
-721674
-721865
-722300
-722494
-722894
-722954
-723057
-723616
-723879
-723933
-724402
-724669
-724823
-725231
-725521
-725525
-725574
-725719
-725733
-726327
-726877
-727348
-727796
-727796
-728129
-728175
-728250
-728679
-728772
-729268
-729392
-729572
-729763
-729889
-729995
-730067
-730310
-730521
-730570
-730581
-730601
-730682
-730823
-730847
-731354
-732038
-732247
-732346
-732724
-733097
-733120
-733465
-733591
-733788
-733977
-734368
-734592
-734670
-734739
-734798
-734919
-734963
-735220
-735393
-735515
-736038
-736121
-736508
-736613
-737026
-737263
-737394
-737772
-737810
-738097
-738167
-738277
-738541
-738674
-738784
-738859
-739309
-739527
-739623
-739895
-740112
-740447
-740462
-740544
-740605
-741350
-741476
-741486
-741583
-741678
-741977
-742128
-742186
-742276
-742689
-742990
-743374
-743572
-743642
-743673
-743715
-743875
-744726
-744796
-745113
-745156
-745308
-745453
-745516
-745563
-746561
-746569
-746955
-748023
-748038
-748051
-748093
-748241
-748644
-748797
-748799
-748948
-748971
-749206
-749372
-749864
-749911
-750428
-750569
-750871
-750995
-751001
-751030
-751138
-751303
-751759
-751786
-752263
-752273
-752346
-752465
-752471
-753158
-753607
-753678
-754041
-754430
-754675
-755063
-755099
-755154
-755154
-755160
-755223
-755429
-755751
-756066
-756452
-756589
-756737
-756941
-757033
-757134
-757284
-757374
-757454
-757484
-758040
-758041
-758572
-758666
-759423
-759652
-759826
-759972
-760033
-760033
-760099
-760149
-760479
-760790
-760887
-762231
-762322
-762486
-762851
-762915
-763138
-763351
-763394
-763566
-763584
-763752
-763770
-764269
-764294
-764423
-764560
-764574
-764851
-764874
-765838
-765912
-765914
-766149
-766233
-766512
-766616
-766981
-767368
-767597
-767725
-767861
-768599
-768897
-769076
-770009
-770551
-770583
-770926
-771114
-771131
-771196
-771306
-771568
-771897
-772186
-772311
-772334
-772388
-772399
-772532
-772572
-772762
-773507
-773605
-773633
-773754
-773782
-774209
-774848
-775175
-775694
-775984
-776067
-776657
-776917
-776936
-777017
-777095
-777300
-777494
-778183
-778605
-778906
-778929
-779115
-779175
-779233
-779241
-779329
-780544
-780553
-780673
-780673
-780953
-780962
-780966
-781080
-781244
-781498
-781909
-782157
-782161
-782185
-782689
-782733
-782909
-783011
-783476
-783535
-783579
-784210
-784505
-784894
-784993
-785021
-785151
-785780
-785912
-786005
-786425
-786814
-786855
-786919
-787001
-787052
-787111
-787274
-787365
-787667
-788143
-788597
-788711
-788719
-788757
-788757
-788781
-788825
-788896
-789385
-789507
-789716
-789806
-789841
-789907
-790168
-790369
-790666
-791086
-791337
-791342
-791394
-791490
-791643
-791886
-791940
-792182
-792348
-792359
-792479
-792511
-792679
-792884
-793039
-793283
-793569
-793617
-794132
-794322
-794802
-794836
-794896
-794940
-795148
-795228
-795529
-795600
-795741
-795880
-795918
-796096
-796397
-796610
-796774
-796914
-797804
-797906
-797978
-798348
-798386
-798679
-798975
-799129
-799136
-799158
-799164
-799165
-799726
-799892
-800400
-800473
-800612
-800697
-800981
-801462
-801522
-801732
-801759
-802015
-802115
-802383
-802537
-803611
-803973
-804176
-804447
-804929
-805050
-805153
-805172
-805694
-805858
-805943
-806170
-806299
-806312
-806484
-807012
-807138
-807423
-807514
-807562
-807620
-807741
-807923
-808174
-808387
-808463
-808815
-808825
-809765
-809914
-810039
-810462
-810480
-810682
-810898
-811003
-811051
-811090
-811425
-812212
-812469
-812506
-812604
-812846
-813171
-813192
-813214
-813285
-813499
-813577
-813694
-813795
-813898
-813940
-814106
-814497
-814651
-814687
-814738
-814814
-815256
-815275
-815427
-815524
-815872
-815935
-816008
-816389
-816506
-816599
-816663
-816689
-816935
-817244
-818007
-818096
-818458
-818493
-818877
-820639
-820985
-821799
-821958
-822324
-822412
-822666
-822899
-823170
-823588
-823605
-823938
-823970
-823993
-824137
-824287
-824339
-824382
-824385
-824795
-825119
-825120
-825316
-825369
-825579
-825782
-825856
-825973
-826919
-827093
-827212
-827498
-827584
-827746
-827817
-828050
-828077
-828109
-828260
-828490
-828558
-828575
-829025
-829135
-829316
-829531
-829552
-829677
-829847
-830454
-830531
-830690
-830717
-830733
-831198
-831271
-831282
-831612
-831675
-831767
-831975
-831978
-832427
-832758
-832803
-832881
-833026
-833181
-833950
-834471
-834497
-834640
-834658
-834667
-834862
-835039
-835319
-835624
-835666
-835716
-836131
-836219
-836286
-836288
-836969
-837617
-837816
-837914
-838111
-838244
-838292
-838777
-838948
-839212
-839362
-840000
-840570
-840642
-840662
-840745
-840767
-840830
-841192
-841252
-841563
-841997
-842407
-842638
-842816
-842956
-843062
-843567
-843675
-843696
-843799
-843841
-844168
-844283
-844464
-844513
-844656
-844829
-845221
-845224
-845512
-846060
-846085
-846332
-846406
-846430
-846542
-846640
-846847
-846860
-846948
-847392
-847395
-847489
-847655
-847712
-847902
-847930
-848087
-848181
-848612
-848973
-848984
-849010
-849044
-849122
-849134
-849442
-849582
-849799
-849940
-850032
-850233
-850340
-850580
-850865
-851317
-851531
-851654
-852309
-852701
-852753
-852808
-852831
-853042
-853084
-853090
-853193
-853194
-853257
-853737
-853747
-854149
-854157
-854436
-854453
-854455
-854551
-854554
-854654
-855068
-855152
-855423
-855669
-855857
-856077
-856292
-856427
-856495
-856573
-856602
-856883
-856924
-856974
-857229
-857411
-857680
-857873
-858042
-858221
-858271
-858309
-858682
-858769
-858864
-859065
-859510
-859560
-859691
-859763
-860186
-860474
-860532
-861103
-861261
-861505
-861653
-861951
-862077
-862254
-862307
-862354
-862477
-862823
-862842
-863090
-863496
-863546
-863616
-863789
-863989
-864096
-864382
-864951
-864973
-865206
-865358
-865360
-865433
-865458
-865523
-865642
-865706
-865849
-865993
-866002
-866123
-866265
-866442
-866699
-866981
-867210
-867292
-867551
-867629
-867901
-868076
-868273
-868548
-868562
-868725
-868740
-869164
-869249
-869497
-869615
-869807
-870177
-870189
-870248
-870324
-871076
-871209
-871413
-871694
-871740
-871796
-871957
-872219
-872636
-872674
-872932
-873038
-873114
-873566
-873628
-873731
-873747
-873790
-874326
-874412
-875173
-875535
-875564
-875848
-876292
-876395
-876434
-876454
-876489
-876490
-876760
-876818
-877578
-878193
-878582
-878854
-878926
-879075
-879127
-879510
-879511
-879550
-879551
-879709
-879961
-880076
-880534
-880948
-881042
-881479
-881690
-881877
-882009
-882878
-882922
-883093
-883417
-883585
-883860
-883966
-884023
-884172
-884244
-884245
-884578
-884711
-884890
-885186
-885276
-885387
-885633
-885714
-885779
-885814
-886057
-886620
-886704
-887032
-887435
-887524
-888006
-888074
-888724
-888794
-889181
-889259
-889400
-889406
-889507
-890292
-890363
-890409
-890422
-890765
-890872
-890925
-891120
-891223
-891336
-891353
-891583
-891806
-891961
-892141
-892564
-892688
-892982
-893047
-893150
-893255
-893272
-893317
-893423
-893445
-893447
-893582
-893621
-893645
-893776
-894290
-894732
-895003
-895245
-895582
-895721
-896062
-896138
-896373
-896464
-896947
-897323
-897768
-898016
-898279
-898348
-898956
-899167
-899842
-899862
-900156
-900383
-900535
-900555
-901081
-901547
-901691
-901822
-902466
-902599
-902664
-902667
-902734
-902805
-903073
-903259
-903286
-903966
-904058
-904183
-904801
-905053
-906221
-906258
-906648
-906652
-906743
-907030
-907139
-907205
-907521
-907521
-907574
-907846
-907877
-907903
-908108
-908134
-908258
-908333
-909071
-909091
-909248
-909383
-909552
-909638
-909780
-910238
-910564
-910585
-910700
-910810
-910884
-911022
-911078
-911087
-911477
-911506
-911847
-912045
-912251
-912464
-912688
-912759
-912814
-913094
-913266
-913325
-913424
-913712
-913863
-913902
-913935
-914073
-914157
-914598
-914654
-914843
-915204
-915366
-915960
-916009
-916236
-916296
-916315
-916374
-916484
-916631
-916984
-917177
-917315
-917468
-917563
-917569
-917570
-917786
-917855
-918098
-918199
-918634
-918930
-918932
-919611
-919614
-920184
-920348
-920373
-920453
-921150
-921191
-921389
-921635
-921772
-922180
-922251
-922656
-922857
-922964
-923174
-923449
-923928
-924016
-924137
-924277
-924449
-924470
-924693
-924813
-924815
-924850
-924933
-925194
-925370
-925801
-925977
-926567
-926757
-927089
-927224
-927864
-927876
-927927
-927931
-928250
-928324
-928473
-928503
-928670
-928713
-928799
-928825
-928857
-929081
-929262
-929331
-929563
-929860
-930156
-930210
-930266
-930289
-930511
-930618
-930703
-930752
-930778
-930839
-931056
-931419
-931531
-931562
-931750
-931966
-932411
-932430
-932531
-932585
-932784
-933140
-933261
-933314
-933406
-933410
-933519
-933542
-934043
-934101
-934355
-934393
-934420
-934665
-935089
-935235
-935262
-935480
-936298
-936566
-937052
-937311
-937632
-937730
-937864
-938149
-938744
-938884
-939511
-939627
-939682
-939856
-940475
-940753
-940936
-940971
-940979
-941011
-941074
-941156
-941339
-941617
-941892
-941963
-942044
-942581
-942980
-943081
-943605
-943925
-944381
-944751
-945194
-945687
-945696
-946358
-946367
-946552
-946571
-947116
-947256
-947449
-947496
-947775
-947788
-948065
-948161
-948238
-948293
-948394
-948956
-949208
-949694
-949760
-950027
-950133
-950427
-950581
-950691
-950778
-951013
-951109
-951253
-951419
-951892
-952153
-952458
-952922
-952943
-953176
-953200
-953308
-953419
-953548
-953936
-954050
-954427
-954539
-954829
-955028
-955159
-955381
-955416
-955463
-955582
-955594
-955742
-956066
-956074
-956103
-956335
-956399
-956418
-956503
-956664
-956987
-957322
-957344
-957906
-958367
-958495
-958948
-959314
-959343
-959982
-960070
-960301
-960431
-960529
-960541
-960563
-960577
-960860
-961146
-961269
-961472
-961486
-961550
-961695
-961806
-961827
-961925
-962255
-963316
-963362
-964592
-964753
-964754
-964908
-964995
-965222
-965318
-965462
-966011
-966060
-966325
-966528
-966542
-967005
-967119
-967195
-967312
-968353
-968453
-968551
-968742
-969338
-969365
-969385
-969516
-969632
-969750
-969750
-969783
-969821
-969985
-970031
-970037
-970527
-971122
-971463
-971565
-971583
-971588
-971923
-971998
-972165
-972565
-972623
-972794
-972796
-972822
-972846
-973075
-973538
-973845
-973921
-973924
-974152
-974495
-974550
-974555
-974675
-974760
-974787
-974935
-975102
-975351
-975524
-975602
-975906
-976083
-976260
-976517
-977138
-977234
-977502
-977811
-978432
-978996
-979068
-979175
-979401
-979654
-979780
-980090
-980151
-980358
-981248
-981301
-981364
-981621
-981797
-981798
-982250
-982691
-983496
-983807
-984037
-984157
-984199
-984266
-984308
-985003
-985046
-985396
-985710
-985720
-985814
-986113
-986537
-986866
-987073
-987108
-987215
-987550
-987959
-987998
-988520
-988926
-989147
-990058
-990060
-990390
-990416
-990731
-990733
-990895
-991261
-991544
-991932
-992255
-992317
-992756
-993022
-993380
-993472
-993514
-994140
-994156
-994159
-994161
-994262
-994455
-994560
-994705
-994763
-995442
-995652
-996022
-996104
-996580
-996583
-996919
-996925
-997045
-997740
-997822
-998269
-998300
-998607
-998895
-998948
-998995
-999091
-999303
-999427
-999811
