459152
885612
-518060
-999427
92828
809207
-150244
-950027
197279
-344948
445826
500729
-78068
467984
547934
-343411
323988
981126
122438
809646
-63970
-123382
463614
-960563
140780
945923
155422
631207
-151010
-664165
-852753
173133
716227
836107
292555
370836
695043
471939
-108591
151299
-734798
-211707
969353
-639824
-111258
-77332
86983
10570
-716923
-687275
984131
432731
-459484
273780
-143883
258398
-278116
-145148
100183
-594312
786867
-330591
631114
-509498
482764
-401522
949245
125114
-969516
892478
-596747
-585492
-970527
-184675
120320
458490
536895
273887
798263
-209378
553589
160561
-8189
-838292
588092
155205
-168178
-350432
-675976
787068
-464000
-551707
880453
-347529
-221968
230062
-217400
458889
-542289
848877
-828077
-34914
-488913
154774
300216
218753
-232473
350185
-647995
-50380
-838948
7639
-367648
-167080
237057
-185248
-139024
-659886
-538107
194842
304889
-738277
639879
-344492
652888
-474276
-303924
-39422
-969365
881078
618345
629198
-400964
606409
969580
-683228
-614067
246752
-277012
329970
-371829
877555
887751
-853747
-456913
272808
-858221
749549
-658849
672040
-230923
660876
358925
-690394
331028
947033
-520645
-525555
-142309
-393873
759850
-308963
-555919
-350337
676229
-807012
422535
516468
332104
-559070
232045
33404
303564
154134
127081
732337
854205
-323947
-406994
-868740
611324
-671308
479909
404453
971340
911048
-873566
844647
-884172
-879075
-486430
513762
338303
104139
344216
-594387
-663721
-914598
965889
-523217
-474288
-64819
-422903
761422
805542
-148936
734433
-264196
-81134
880159
678129
-823588
-506219
-906743
978887
819857
982645
3339
-141762
-115060
-230802
-624457
878724
342366
548914
-824795
265955
639903
342839
824146
381551
57351
354908
554965
-231787
-74527
-434557
-235850
103676
300220
-565081
-98159
317192
-568390
-881877
-88762
426339
666389
-237909
-524585
924905
603217
-790666
-491033
-693735
-70552
209342
829765
-86445
-165541
99775
865962
181815
-96433
92179
628073
-753678
991243
-447883
-23959
651204
-957322
220321
-132698
216620
367845
-459800
-243775
27978
-262075
869126
-640676
357973
-85602
-154786
-297630
-252341
422910
88961
174957
719094
-183365
-207339
152309
-339483
-626052
896922
-595737
787519
363065
-146417
-985046
60552
338779
772559
-302694
855530
883969
-880534
443102
-72312
-876490
-80322
128516
-392263
-283986
-552120
-779175
694951
-875848
381088
-131118
402046
816959
-376854
-709727
-546789
-813577
-349272
-633506
-632687
948165
-748051
47350
-772311
-695877
-725733
-63529
353458
8431
939729
-602124
572685
-951419
-791490
-194924
854434
251428
552705
-935089
-15357
-568947
-191232
-479729
655620
-772532
-400201
488464
787792
23881
-525425
-678467
-996919
-355962
992840
173614
527045
-198880
-366429
551851
-343945
-355880
-873038
-415370
-814687
765770
190971
738770
-160255
-847712
693664
-595663
822599
-230121
399880
-617706
-211860
-789385
-409363
-682163
758918
-696610
568992
836052
204263
-52866
364787
280362
-391173
-126911
864184
-233960
-586151
-454606
412730
-698192
-293210
273719
719606
657589
452265
620523
-388627
918817
673473
596697
-283928
284123
469435
-53903
-992756
-184310
-990895
-333885
-366468
-371824
-282355
506817
328955
419663
50424
-985710
645278
-786855
-242061
-677731
-804447
586035
-198788
838554
623542
-440296
-742186
-732038
121801
-39597
-794322
240204
794812
-672736
544453
-226779
-465188
833472
547644
689636
66615
392216
-814106
-378920
-892141
891930
454191
-852831
-711236
-10460
-572628
-749206
-321701
-427610
-279026
-807741
-19379
-874412
-578296
-376798
435680
-973845
209494
950854
-336421
161448
424510
-269095
-777494
-581735
-280673
-702049
-729889
-973075
977129
133105
790843
-112976
872898
-542835
562895
-232347
749061
415244
-763351
505195
688420
494360
-944751
-16083
307834
-613759
591382
761113
-437619
114860
-322692
-683818
721169
-87686
748769
66138
-373871
-497706
-931056
686438
637628
156290
190331
-923449
-152129
895207
-664477
-168161
135352
-46192
787238
-301637
-822324
-209796
-261830
-974935
-622816
-846948
-674129
-621150
858558
600419
521384
401472
199209
287033
368681
-533238
-934420
-342320
763878
-655685
-488456
98750
-917563
99572
26713
168086
-692056
-19357
-63153
894680
390182
554021
-291772
324525
-31934
745167
-756941
905896
542731
16934
-381409
-185055
-708151
729388
-162913
877906
-7034
-161743
-970031
-507888
-990390
126739
-250550
-94409
-142062
967461
-186472
353358
907671
540062
-281970
269126
228583
-874326
144752
-230248
-100660
183337
-524561
420729
-968453
928859
-30498
-663427
478264
18092
465529
-60637
977484
198864
708310
31572
518416
-791394
-893582
283681
-40809
-113002
272280
-574659
723935
-605520
272993
-682613
-307057
-569190
401112
618406
933498
-624323
-109144
219475
638117
-417898
920369
-869497
976482
-557632
-812212
94620
466832
-627602
268752
-269036
92318
708248
434033
904648
-548289
-668825
-562894
-763394
-469189
-692734
-373955
-418890
-667900
-787667
450697
144448
196480
-509450
-972623
-464036
-716817
-120355
-840830
-592341
216739
54100
-328727
494488
104128
-73258
733266
-81257
-964908
-873731
180723
498104
-742128
824938
775926
7622
583786
372756
-918930
90259
985203
126587
332415
285685
-797978
696276
579175
794629
-230688
-391524
-287227
-334050
774242
509307
-779233
643577
-841192
249925
-358019
-446248
-235630
-76272
-831198
-808387
-560395
-237764
-834640
-67106
-507855
-156404
352303
-432100
-994156
-425792
115474
719851
-368117
879452
444803
-732247
464151
-663603
-648388
-547026
-859691
-29169
-386550
-421991
-474900
843721
-144950
191773
-524007
-53293
-800981
-251992
-947256
2198
-277347
309897
-861951
-424781
544477
-366951
-154545
132223
-361370
141148
-391096
-395409
-485959
-62984
-825973
396518
338645
-786005
949733
-910585
500620
703374
143595
315396
822081
557435
-476736
749576
-560178
721404
-110308
30381
753927
-925194
126271
-913094
-700117
-892982
-702681
-72043
-600552
-290314
322860
648622
-688864
716038
-165238
-124091
785908
-439126
-668319
841064
634923
779480
-635946
-520165
-361400
393963
-244491
329102
-734963
-153054
-616653
221529
104382
-912464
-748241
-289972
-299276
14991
-559659
843357
874554
539246
745916
193362
256907
-396958
843823
-625277
317659
249437
-916236
640317
333286
-142293
-41052
432641
708573
-476868
-810682
931933
-555153
-373190
189449
-95699
-499115
57093
958256
255806
-456447
-420051
156089
533053
-78905
661350
-21736
433282
-83060
435161
-297233
760844
-307631
-86355
-731354
-402748
-531544
470301
-916631
-93150
363105
968955
307056
441245
280061
330649
996240
-694106
-52880
-519273
-647356
-29538
468166
-530780
-219439
213589
733449
193559
62819
-94928
432183
720963
-864973
-244021
194438
-628629
-733120
-656192
334748
-620271
177839
177441
-278730
199541
978077
15555
645699
907341
842283
-507770
323719
376504
584555
334693
261026
738597
-264011
-865706
-119061
421644
-912814
-72663
-862307
-699311
-286171
98102
161414
-687172
-165568
-760887
-146204
264221
-156430
-539550
-348834
86533
-541819
-122014
772052
394773
409975
-788781
-737394
947053
390945
-446767
37314
908080
-300057
640570
-337794
-554136
259566
-499344
-956418
541839
-1358
216824
594018
89848
626173
668956
-361585
-206635
255871
662281
39696
-541338
619109
-681833
-861653
-188512
-867210
-464169
737494
-165242
-937864
-422538
-888724
758818
838626
136782
598341
-759423
-803973
-955594
526728
295567
219379
123838
229455
142865
-387622
-267382
952456
683421
-222614
450313
140165
312869
-387980
122849
630650
36466
-264527
-225986
5570
-452562
-612269
-374611
210814
-343369
-339599
-47520
44629
68556
626455
858408
471285
816838
480583
-971923
149867
-214833
248695
-406481
236611
-629789
-550312
927045
956977
-844464
-219338
-260083
-47909
290884
-986866
-332588
-648442
36276
-756589
-277150
-853084
338764
-834497
741
630004
-922857
-643945
-369918
662969
-922180
-730581
231364
242002
-713220
-66094
470294
636883
16058
-685440
-910238
321638
641890
607972
-231234
655945
-58375
73670
414892
-346470
-286822
787934
371963
844273
-579913
-330814
-741583
-464347
750222
-777095
-554363
923893
349886
-895003
-308604
766667
194622
-700951
483435
588297
-32460
-744726
354531
199191
-560946
977101
423900
287311
-302305
891680
896046
-527766
-866265
526455
-14959
835571
483102
-172383
75276
198541
-72237
339773
-271794
285957
-466991
-40437
415589
628174
971400
404560
635853
-441538
-159385
-314975
213375
628240
-300135
313948
-3099
-954539
-221748
704231
56758
-941074
-49729
-814651
813422
-555197
-998948
779885
-787052
-901081
400455
-387726
104841
636446
-31942
-858271
618254
914312
-373327
17770
-851654
881938
20787
685839
-383405
452494
-579943
318119
-932531
-910810
-739309
-251644
588851
544264
548669
-853737
813319
747764
267466
993429
818978
562856
371903
325652
-669775
-797804
686497
286026
375897
-186651
-928503
-987959
261041
243461
-264181
985915
-85526
-557605
-228821
331744
-699542
331922
727176
-380625
490463
-282309
3373
288347
-110727
-807620
116145
-911078
-219738
845296
-356963
-898279
478815
857997
-328776
121532
-308547
880569
-620194
744872
20142
-294362
-413953
960055
477526
699508
459980
390156
19225
-446296
-137378
338245
296341
316780
-833950
498312
-600677
-825579
-73419
-674940
-427989
-58102
134588
-116189
-120081
629601
-122015
-814497
-767597
-691400
897013
-334742
905202
-485995
453292
479520
-650473
-39600
-320420
-289830
-334413
-378743
-971998
-591595
-47622
846737
-393756
-989147
-178498
696285
357152
-439215
-716606
-76157
968943
-69516
670856
372719
860856
856762
264019
-619011
396255
123315
-451996
982890
112250
-39831
-529902
487788
-383593
452839
-522330
-374757
-328102
345877
-823605
-710878
-830733
-420483
405654
-220769
255012
-412051
-334723
-648160
-649324
750586
386867
988603
-266514
-473455
21768
142811
478052
202419
-879961
-698368
-175604
-604989
-394187
58116
-850032
682779
279729
964380
664901
-276891
942949
-816663
904956
82108
340959
293976
299802
-265101
-834667
-158125
-910564
-541063
-379838
183313
-158206
-545386
-932784
-818458
266704
444070
-351897
-900535
-770009
-451332
439849
947086
-539162
-54904
965794
523446
-267571
898011
-484333
-765914
-21138
-350927
-318806
364553
193507
-990733
762803
-276157
770271
464661
-813171
518820
288438
-635956
-291851
695754
-683245
-865993
-79803
465849
757315
-778605
155175
119900
-620895
-376103
-114514
-452400
451862
718945
-71407
429912
466114
839504
-518390
382622
530626
526248
192212
570021
-933140
-458526
881081
207605
770727
597064
244046
-467616
283936
910115
-733465
-432851
-766981
241861
91812
756696
-389090
944605
418480
315354
-568464
321104
-613731
6638
-693153
-714789
-683092
693004
-16417
467980
-347214
221798
-410738
55291
-734670
-773633
232993
-305393
672086
-760790
-248418
-746955
935542
-279085
111699
-673815
-97160
428242
-246393
771922
-829135
212842
708749
495186
-782185
-746561
481695
-54382
-5567
-507040
873629
-940475
-328935
334583
579472
-512787
-4064
-47839
462052
-327200
315202
837479
-357719
-400717
663576
844561
278976
714862
15240
98444
4408
-430709
-209880
593362
-584167
792930
977426
-677946
60508
-353821
-410900
-909383
-204576
-921389
-680598
-272616
-64304
912308
-817244
-784505
597822
-175633
797080
404357
-553135
851986
-484577
-712293
140935
8773
-947116
-325284
-357356
382890
455544
-602098
345806
-90737
698308
-66545
-665732
-127440
174613
555189
59834
-371219
450403
573752
-906221
27016
-37538
702837
-863616
100571
-654760
286771
752083
-865433
940918
-930752
-43195
-835624
608628
711834
-341120
581738
872854
-787365
-385571
-728129
-435828
-466976
272538
296969
118856
-766616
207928
653049
-157703
635581
-628019
-701620
384692
573055
-609431
229373
328859
-745156
744126
-443043
275403
-286582
393807
-440738
-141018
62991
666573
-237176
-318987
218151
452495
262324
721655
-908258
-351706
-464449
191689
-331476
541938
-881479
-629958
-165211
878829
63749
-697524
484109
-246185
-475322
-924693
128813
857875
13898
448043
-667536
439083
-671213
-546346
579916
774247
196345
-45477
-918634
422850
805752
-458366
-459219
256860
322085
-110040
403911
-860186
14119
11422
500590
-222618
425269
456103
-509774
369655
-807423
15023
472759
-517597
845618
-355863
219576
-338698
-214789
-294725
-22438
-916315
564700
-776657
247466
378033
-316665
-327628
-90704
-326047
904014
-752471
247012
-11603
995508
546959
82226
-604109
-723616
-842816
606242
859581
972572
-885276
269131
-984157
117382
-875564
46405
-178923
152439
-339717
-277093
-584076
764041
804841
-537042
629793
889769
923169
799339
-50205
-278278
-543312
-369237
25449
-693190
-363149
-833181
-39124
662393
-142706
-455422
461094
-589033
141793
380926
546321
936130
-661502
-469932
-792884
-881690
233793
778797
-156769
307389
611607
-83659
27402
265088
31764
-657184
311292
515753
862084
-604724
-960431
931691
603016
2554
-623211
916976
159455
395031
815102
183982
-477386
853036
-204190
-147969
-281576
378305
-249935
226159
406537
554431
692310
8181
-941339
-87429
-308009
626732
-34928
735954
-196601
-964754
718954
-609447
117496
845456
-860474
-951892
-562698
-415440
382902
284896
-834862
937855
-268096
828805
-604747
103928
-520290
-612755
-510722
-694111
-541476
-390854
-579837
812939
828953
-655706
303565
-51627
980063
786441
-566614
-652198
990911
810590
243453
509170
-383091
-830717
671766
567828
581095
-131574
-646451
126400
996809
-617539
39568
-111452
-357154
-323466
227070
-363881
191962
-202489
-358533
240622
808116
409664
481562
-187977
225980
788769
-828260
38453
581953
635341
817987
725939
71427
595762
-914843
590946
299192
-295430
668960
801684
-499198
205440
-597915
-400592
-812846
169150
-371168
-119856
370963
746727
-735393
113236
-92870
-909248
977195
882519
856723
-772572
-633067
-887524
-680538
-389962
495427
-71304
995317
-370356
-788597
457376
672541
-180695
-630838
-543945
-431340
-498271
160910
158788
133539
279470
931117
767782
673379
-484551
-597263
540354
229857
608878
-437966
-742276
-348154
631216
-30067
643960
-256745
-15943
487508
291561
-729763
-895582
-254162
-481497
953057
11664
-583584
-146604
-125777
853934
-873747
-110104
-78087
-589225
904901
376157
100956
13861
238067
652547
45617
717432
-40318
825995
-308914
305318
943701
650587
695655
-955742
-743572
9831
822860
959861
699644
-903259
-880948
61705
102335
560974
-568791
-102656
230143
935146
-39167
-831978
-737263
956490
-660537
-855068
-489263
490705
-334010
-319056
-516840
381919
564001
483064
-284014
-678127
-146040
-224510
495309
379903
775508
350895
959850
349224
181286
937539
-625913
-754675
-494522
96408
-789716
259705
644551
560778
481168
124094
-595931
-78823
-788825
-801759
119360
219567
-476734
-799129
405380
-271531
430044
309509
-139424
-850340
784955
-41695
-643411
-296345
735679
-927224
873574
255179
697598
873296
-132147
27143
692940
29749
-981797
-290846
-788143
-80419
-713645
-736613
328322
-800612
-57241
928254
688841
826862
98148
295310
-628180
-329500
-453372
714396
377694
-37572
-257906
146138
-677864
908436
684868
409749
122734
-141412
45190
39591
507110
-140307
943406
-452396
202078
-459871
722722
-652197
188489
481282
-209912
-876395
-470949
473777
-708102
-526072
367906
-697140
-143573
952223
-512913
-633210
995120
-645400
254585
-312857
-341926
955046
-533063
-297941
739590
-669232
-606606
-634373
-620791
-529439
379818
719323
-285036
428464
83660
-377873
-528178
380361
-832881
-741678
631350
865395
767842
-12792
-673448
-331820
939354
111253
354471
-624230
-705021
-519860
282679
308845
45251
-243162
-234595
-971565
-159340
-298568
-310114
-487502
-425130
735732
-799136
-505826
1132
-529904
717321
-266968
-477712
-893447
635153
400249
-453815
-718302
-572130
-350659
-984199
-438284
-79057
-252333
926113
-848973
825213
376134
-668386
83574
857241
-379241
-404543
-161587
588873
113485
-165750
-380830
604539
-440457
372987
399362
139397
-642708
-600122
-119437
650033
54943
-638840
212960
171850
372798
920027
393876
-251521
-854453
529236
-554353
908807
266338
-375401
670847
794952
130626
-140351
382555
-104688
-846860
-346569
-672660
-445193
-459014
4134
731079
442437
198048
-267765
31518
-828109
70233
361398
673753
306569
-71260
74568
-251607
724297
-536385
241805
-895721
626908
-138995
185573
285596
-681463
-624271
-348146
-678747
-89118
-436776
-60956
-277529
-941963
-221550
-474197
413963
24509
359913
-378551
114314
427855
212750
578269
-454675
-463361
406834
-780962
659245
-772762
802630
-350870
923476
481787
547400
737937
309661
-13596
-68159
-380445
940618
273955
130197
455792
-849940
-62130
565457
174031
356774
897090
-218031
-167542
-401556
-72190
-10793
598947
395332
603175
-402172
-173394
230368
-969385
-465286
923580
-969750
330069
448754
601162
-478216
-883417
-471067
-794836
-647208
127407
280583
-979780
407993
506441
-861505
-131844
779315
-604498
432337
-261810
-900383
-160561
410828
937742
778234
63375
460127
770316
980581
-811425
976300
635507
481441
158608
-382595
-299547
423550
676537
974295
222560
-314984
552370
-655018
-342697
729133
-571432
-862823
-311928
831391
199403
430645
519741
944111
708792
194579
-240470
586167
-705347
727061
-250089
697483
-946552
344255
336931
872751
-752263
-656278
-103072
-225570
-930839
871909
785522
-620644
4193
-119764
-122107
-173848
26586
-185691
465351
775849
-490670
-21100
911572
-871694
-288229
762066
-791086
110126
291656
-532178
-443129
-277018
-680978
672829
551581
-299415
-190302
565607
-525693
802773
-336387
984400
601370
-218628
-35794
-66140
9135
380881
-486614
-664223
42372
-243028
-614905
778244
-277551
-256853
-767725
634738
691586
-902599
-94525
677440
-187305
-119004
634243
496518
-65207
-434286
-419770
457350
-20563
459524
-103600
-37962
-322857
294978
729176
774329
-202527
-889406
485525
786248
238853
-465926
-785151
-324423
344542
-873628
-208609
-307113
-427478
454806
-26056
-914654
-362315
-385485
-563496
989590
790185
-678794
-235136
-8508
968130
-847489
431293
786579
-245506
-854157
-832758
-352331
29903
367619
298740
806940
301304
-378402
-247338
591737
-721331
-501667
214279
-898348
910735
603286
-876760
-793283
-33389
791276
308557
-667143
-72238
356898
-313224
-879510
-425886
-463087
-34450
-49866
817471
244552
-349118
-192366
74390
-233987
595469
926756
-541254
943716
260966
521028
655460
758047
-93805
-275611
-272724
-18782
961917
-428289
-600711
-619387
398876
-190264
-665930
-922251
80304
-316274
-739527
-519332
-824287
566577
699088
-961827
855611
-226287
-65185
-575863
-495410
21951
-93766
614739
-588296
-143295
598021
793560
442057
956787
-806484
346330
-927864
-183746
-689856
951917
-446191
573244
935725
3099
-907574
-332337
656337
787588
519780
-585846
-630568
694795
-43355
438385
-803611
-856292
740692
-540201
-750428
691702
-591211
512173
685242
-87608
-216853
984089
-583582
-681833
79053
300567
189630
800675
927184
-931750
-917315
279819
521731
-506749
-958367
-48955
-640960
711182
-866002
65851
-349667
-849582
221076
-409174
-270441
891363
-582666
-948065
-663283
912864
45338
443721
-424178
90712
760044
1417
30020
-2417
-133014
-755063
-266474
-684204
-332670
-22283
331991
-811003
479695
-55817
524647
217132
633154
-824137
-238336
-70175
327850
473598
-748023
-141153
-211321
687371
109777
581941
-359647
883684
-188829
206288
655032
278337
193537
-154885
327514
212432
-277201
-710973
-666379
886496
-114680
-504200
121042
-857680
-964753
-20084
164833
-638369
-624638
-884245
-13388
589644
-396176
270654
-594734
-464203
-930266
-890925
-470385
-824339
-816389
630843
-350584
-277952
243214
-972165
763535
-119472
-884244
-157390
-344176
-933542
-595054
988107
918646
916409
422988
-937052
-814814
108630
392037
142406
-195802
-514241
-383119
-278452
340241
433767
-955463
762261
777162
-633047
-862842
-368777
-350673
-469781
452669
372615
641672
502522
924933
-348705
-759972
155143
579009
128225
-525912
181147
730862
678742
115788
893757
-694207
37736
-740605
-177313
727874
-658385
-702320
823740
-563697
466781
-712856
-535580
200471
741291
-184051
-33252
-363210
-795600
880078
114208
134652
97736
395076
23259
880504
61621
-351720
-295933
650378
-961806
-285807
-117914
648078
894056
542141
-212639
626057
438549
-894732
-64920
687246
-746569
-513615
889263
-219958
-327885
-405068
791527
-977502
-23842
-630280
-583844
866472
-907030
827283
-738674
205078
258318
74412
-56574
842195
265080
-408323
253126
-565209
174079
-913325
994619
238431
-221710
-560521
247813
-24636
712465
972869
226279
508956
685623
374188
-189385
-436495
792457
-253559
-561153
-230720
377659
-653754
832374
693726
-450195
-41090
222336
-801462
83049
-587407
524049
-50944
-706895
-204748
-481354
49105
-74867
401409
512932
873803
80312
146807
13556
787400
-51356
-807514
-317234
-178189
28573
335680
-282500
715662
-705571
-788896
-123683
630604
240441
-258682
654423
-72091
-911506
-290866
872425
580549
-937311
552955
-698290
-996583
-969632
-924813
-477804
-330358
663639
918520
-31200
-987073
567761
-925801
134439
362345
468221
-933519
-575711
-127108
-788719
-85716
217820
234328
50041
27308
-957906
213548
265573
-756066
-601486
900942
-696866
751239
270471
3597
445222
318498
-845224
465052
748677
485358
374925
364103
-585622
919013
429848
133964
49205
71743
-472637
929666
13124
34169
479997
-98166
-661237
838404
-503625
-13699
-201918
-50494
646126
886915
-846060
501153
-879127
639381
407786
98628
858961
-196370
-271889
-445562
-857873
162032
-702259
287724
-280269
-985396
-712134
703231
-796397
940855
-869249
427623
-36918
756946
776511
-766149
-825782
335462
229886
174317
-658808
-46992
-872219
-782161
947347
196767
-340351
-338483
741065
811886
-58261
214972
-495777
206891
258916
-381667
614571
-799165
819681
-714360
798584
-358921
689490
279513
-771196
938280
236797
554000
-851531
46435
-472727
226608
864740
-928250
603885
400834
-409483
623009
88868
88466
2146
-758040
122326
-427627
-450434
214826
445183
-169843
-569493
-49988
-971583
-776936
-421898
551296
-468002
-998607
751061
-247869
806781
14183
309904
-72013
-844513
694651
-453954
-925370
-748797
616875
523106
129334
-89273
-308219
725473
-274176
40802
681557
-609746
253301
-765912
-413854
386448
448536
-702285
455714
-460895
-371477
188405
686007
-800400
-748093
520021
625347
-395544
-733977
441297
-520464
230204
94936
894855
590370
-994159
113482
494379
-143605
657043
-505825
545488
-610943
-215151
-341492
591945
-68727
526309
-220392
-179749
-238695
414902
-896138
-21134
782291
758086
-393850
621704
-793569
739721
-365027
-459033
-351149
137225
585899
997846
707701
263879
130009
201534
-909552
245733
-274499
746513
646980
398925
-629238
517419
362277
-609640
-697118
-273999
649766
-771131
141988
-658775
735097
-891353
-728679
-854455
-789841
-613063
-899167
824468
-363294
-402501
461287
298981
-896062
655723
374930
-179693
414022
810170
145493
759951
764905
610928
142417
-504422
278200
741938
623992
-336971
-856077
-637220
247115
82590
-154534
244469
214426
-438714
303885
519150
295397
-772186
-773754
-411021
498790
-837617
482885
534264
-856974
-739623
-250233
-227546
-81299
-628175
-951109
-433829
-913266
584329
111976
-954829
450716
328762
-831675
-602071
79138
934438
-971122
412196
522808
813475
-986537
-897768
319512
-879550
340922
379412
-75757
749831
-477913
-130238
-656020
-954427
-232085
940336
-354390
-301589
641002
461665
326969
-893621
-449252
15184
830209
451394
397095
967125
699592
-276379
199325
-581314
-866699
-575086
777963
627675
728793
-365050
-53515
-854551
-569785
-156212
-924137
223661
693676
472346
526670
-390179
-845512
389865
450622
-15963
-718982
-685298
-868562
873875
531166
835033
298066
-273174
-134911
-685729
-349631
-507063
37753
860448
-152120
583468
162173
-543302
439634
516194
-279649
-384025
-73387
777600
527647
-220089
590520
936972
-990058
88572
-536347
-854149
-625548
-393128
-672820
-392594
-948394
-898956
938142
-305092
695832
-716079
-387274
-386354
-126244
565927
992869
764745
302655
746879
908332
843358
-720772
-813192
-732346
587730
23141
967260
-565503
591013
-49018
-618788
208284
505714
884798
-605339
-652156
-730847
810286
-124248
972717
840031
-503350
-904058
885246
-974760
527234
-927931
100915
21711
495936
543773
372035
-216672
-510292
290990
-303364
236249
-785780
712558
-183406
-223970
-429955
-656374
-263150
605723
592326
-845221
205711
-838244
-92240
867902
-382923
396559
621072
-268287
849645
-717128
-679143
938866
593485
-131853
915525
176766
341738
318794
-714010
578387
820774
904638
978162
927916
490924
466214
920073
-951253
-373732
638927
-140354
11718
997899
305282
-702048
-420100
834947
200641
339920
-710188
-36398
-175040
88754
-220381
-582505
486066
-294536
944782
-825316
-620135
-42814
86460
-148740
-11
-553334
-998995
947296
368533
502606
-995442
-477951
394832
-220910
969773
-162735
29141
513123
-634360
-173255
741017
-373927
-760033
132418
-472258
-144702
-116578
415922
-42062
83604
409384
110055
130297
912241
659146
16218
-127306
496227
-242123
-956335
-893047
-641942
669767
-196931
-639906
-144173
666189
-121158
-242015
-75974
-174834
254025
-743875
-194002
316142
823017
-600268
-867292
450444
-149933
607698
-167020
-274404
-680587
946988
-533997
-836219
816849
-719801
-713844
687554
924442
560228
-912759
-410624
173659
-930778
-191203
835380
622243
65464
562860
101143
-13760
403297
-822412
-478223
-240359
-622550
-946367
-559606
-411935
-55970
-147670
242812
-972794
661728
-816935
-502489
-691186
-335328
-24205
35259
264155
-605737
346773
501207
560297
674132
-273603
563112
-727796
-419094
-412
-730682
962880
522852
-105416
-674344
-961486
-582118
-349269
657537
-319582
-561618
-757484
264617
-57755
399906
-452533
814366
785497
-815427
-505000
379059
-237853
21065
712725
-174023
-327361
472553
-240103
-579820
-872932
-539689
818729
22894
-175118
178620
995288
-48817
605830
264732
465631
-516711
-165961
-587114
134002
-207806
-566835
-816506
814206
860646
-151858
487427
-840000
-28454
687402
-791342
-9189
-332244
446393
133362
783579
517736
436140
67888
825601
778187
-18767
450567
572195
241235
817697
-748799
-958948
1405
-447744
-179590
184638
383412
-223975
868365
455428
645893
21180
-349369
86125
953193
-888794
617281
-36133
848183
266793
-387218
458903
-798348
446036
899633
642839
130574
808731
960749
777631
-419110
137002
-29700
-83622
-353843
-62197
-791643
-380415
813906
894846
103703
-350233
174158
835657
-68982
123147
270076
719889
-487073
707995
-406866
-853042
451346
408370
928006
283392
949158
26863
-373474
757023
941016
928201
-9049
-366275
-545119
-574162
508463
-508645
629866
-876292
296396
675347
-701547
-833026
-47523
927350
-854654
845375
-773605
783828
859643
558130
563879
-213379
828263
-264906
-84715
-931419
-799726
788998
-751030
716475
676407
-751759
-235154
476116
306828
35738
-699293
-786919
178712
-777300
198200
429859
-614858
86749
-930210
-439286
-423336
333162
-766512
-723879
-158120
-801732
-626447
-57520
-230978
-44131
-501882
-919614
-671908
-681128
-232432
-373425
-145639
657105
526863
-843062
224137
327071
692890
-656850
552094
-683352
955949
-249132
366133
-990416
9690
754587
-228438
-349353
-103557
925811
-156720
30471
436939
-231265
-113652
171205
210800
81268
-178806
698184
420915
136893
-452521
186770
347248
623554
454818
888819
924769
-435922
495379
928194
62558
-475893
181410
805071
-447308
-49228
-715105
748556
-795148
976908
-715807
597294
-171504
210696
-404665
368110
-815256
-956664
-631385
650793
-91859
-520726
114379
-3876
-909071
-955582
-94506
-699384
-85965
-412375
535148
-392816
235026
-441402
578648
-478407
844783
-432101
-612600
817929
-582199
-952943
631371
-21362
479907
-762851
-871796
-603116
-690336
-802383
-969750
106513
-653527
195639
-52614
705742
-45068
600068
163807
194567
667152
981586
959066
298762
-582098
732965
622678
316711
-51108
350211
84939
503317
247614
276204
-980090
-669277
-475394
-417483
-123700
87916
-722494
135343
-688329
-326504
252860
-523514
-350887
-228150
-360456
-906648
726913
-846640
-97676
-375737
-318078
850197
-913935
135027
571204
-546962
425296
-480676
-846332
522553
-137510
172424
-10895
-407789
-112662
-764560
-620696
-216796
712320
226295
795761
-368134
-903286
-635037
-944381
-913424
287484
288375
784673
663432
167428
-773782
978318
-260540
50834
954989
-351226
41907
308671
465309
-252101
722401
-167768
47620
529952
-182367
819201
-807562
5262
869032
499926
-539354
-348143
469935
156300
626510
-497680
152098
-363772
502461
150313
-997045
-862354
117350
-586355
-870248
849149
124488
866524
-155077
-337698
-384308
502348
-506689
-619851
963228
-638965
484459
795597
449421
-120566
-196798
366595
643443
-525275
352580
-234652
403268
-604534
-792479
-656506
-636361
-608449
640467
172492
777532
971747
-619135
903060
-315268
940627
-598078
814334
778406
423685
545303
147301
-758666
515338
-476427
557537
97025
35479
581892
-710421
-666421
-91155
623495
692701
-693596
48626
797106
555560
823575
-721029
436885
556959
-134957
-195743
82324
208477
-574766
-22335
-882878
-760479
-73187
229804
549889
-699019
274545
13965
799313
365631
-778906
-211421
-161622
-385003
-447937
-871209
-297945
-649386
-297118
-484567
-140511
78233
-216890
-619475
-223321
-636254
955345
-291162
-110847
-541550
553623
-300522
-106004
691992
-812604
874624
-278316
-988926
523771
2229
436042
691626
733585
880250
-710075
255148
451034
903155
871078
535703
-339111
581661
-64561
-279885
510772
686612
799115
-49835
-675955
39293
-603466
-106454
-971588
-423670
-827746
535794
-961550
396300
25510
-154607
667881
-133675
807041
-884890
-167656
-487345
754746
-513402
-383389
-990731
-824385
398973
-714678
621775
453067
272518
-312891
-657343
-801522
-755099
148315
584995
-763566
993385
297757
426636
-468283
417028
-858042
-34439
14837
16164
953870
937769
88320
-997822
-788711
-184491
681343
235835
-938884
686311
366975
756257
444832
-453920
-83165
-385317
-880076
-157697
-160826
-870189
-571321
778917
305455
-196638
33564
-934393
560944
-475844
-364857
-621166
-677506
-468310
151513
-613156
227202
861101
783732
-907139
-697174
58645
358952
-994161
378410
153241
795721
452083
-243207
-436354
-27321
-740112
314522
-207506
-716664
-743374
-485680
730769
783699
953169
907201
-613904
-500233
-7950
-406113
177072
-952922
81684
276052
-913902
43713
117980
666014
-960860
-325278
-541389
625200
471616
-28432
309036
-90511
-72041
-545634
-912251
-718088
417088
-976260
-511152
-138490
-996925
911895
-690711
988260
-771114
330579
347114
-729995
-98659
287895
427175
85947
36039
-716255
412768
-353450
704204
-742689
308240
250147
-283971
958325
-768897
534773
666081
519448
932357
220612
85973
-674441
-447932
724692
-605554
549279
906735
912797
-67014
-24961
176827
-942581
213715
729911
955832
-849799
-619794
-25446
827191
394084
-232169
570135
-993380
-294011
832147
-896373
-439036
-910700
-463854
97239
107096
750614
-524280
277785
285784
142699
-648634
715750
-635468
-915366
880527
-6492
-300654
-469964
302729
646004
-823970
120430
-472340
-950778
-477331
655905
-103433
491152
-258489
492203
-330910
497638
-369111
-136593
-462287
-917570
674524
317760
397881
83006
769219
-929331
-432824
-58694
-156675
568410
458920
825440
-265190
580733
301916
604221
741694
-417905
718410
-104837
-440663
291643
802851
867645
511615
-941011
503145
808039
914307
-590041
-251304
-564991
-764574
65972
243978
84457
-499584
-202653
508691
904614
60570
438742
-267134
428180
-370440
-243607
202511
-163024
50305
-662082
637053
-539461
-715318
978768
369146
-730570
-68701
114793
929695
847598
550189
649219
101323
-302413
-176144
-827212
184868
948822
180966
240078
-639967
177989
-594774
-89425
214863
419733
-714865
67374
-30312
-928324
506233
-914073
646465
17699
504797
134525
273532
-127559
413569
-296989
411384
425432
353419
148735
289823
534586
-713852
194637
841227
-118645
-941892
215551
-317096
595840
-267207
-410269
401728
348476
109100
-795529
-6625
-689675
-82624
190026
289983
-566154
-924277
-717156
874505
-960529
767900
380901
-33614
789990
-736121
756797
-580822
3576
706109
510136
-393891
-935262
-438045
667398
263503
554619
363729
960618
917222
655516
333046
-28306
457011
47177
-865642
373461
515461
632656
930132
557811
422546
-241619
-271475
872811
569137
470769
514712
-975102
207437
-199170
904702
-317643
352082
527770
-785021
323555
-263740
-392896
-181008
199772
-871413
-499825
479481
-868273
-913712
846597
711315
15524
-141707
728760
-494098
975533
53467
-84980
96456
-875173
-313461
85730
31493
-879709
370556
-122239
-642164
525666
-891120
513807
-504618
-54661
586459
-36225
-119375
-755223
-694114
-309652
809409
-116865
-214006
180003
-663237
377883
-209741
-446035
580172
-286657
955658
1296
-450643
-329824
-180354
-974787
-405239
-780673
465155
-935480
708303
560942
739088
-131009
-690600
918677
-599565
720972
930367
224350
-788757
754894
7218
482380
-840662
-110840
428360
-142065
-325493
-751138
-853090
886656
-291360
-879551
-623204
983759
669958
-503120
-133882
217155
-282065
28917
651948
263525
991368
873914
-597038
-485832
260660
848889
4010
-869807
-141423
-626674
-740462
-359317
767266
247193
145310
-418028
944693
-185086
-70273
-371451
508436
-915960
-244454
104958
672343
-961269
-234398
672916
-154632
96872
-155378
541499
793911
300950
233469
772275
336759
48033
156589
229679
799042
-814738
-772388
-207761
603412
-170416
-928825
-190500
-78023
844517
-911022
-364560
589464
-72917
-724669
295807
-96407
-996022
735870
-426474
-238221
-636869
557207
800605
929489
-537902
-725719
-122706
-305614
538856
-705532
-280747
-443841
-883585
173223
428365
-323493
611947
169448
224224
546240
190687
-530559
451959
962632
79239
398467
639986
63898
202820
-198743
505473
-605751
-480785
-199354
-571059
-829552
-529166
680931
604138
-431093
-411778
36315
470206
709257
954741
-796914
-85609
-670914
75276
-794132
213283
-129124
-991932
725168
642449
901488
409205
-315928
717102
867225
-358636
402303
196293
-68087
-558046
46807
-30335
288754
351016
-41582
-388285
-653009
50246
607556
-723933
252229
384816
-724823
-513212
-854554
532765
-738167
-397605
-911477
-613179
42975
924736
-999811
485645
859556
401688
-605992
498732
-887032
729173
-955416
428317
-365762
-856573
-841563
-632279
576702
62291
-48795
921739
-955381
526501
814152
-40467
305425
512346
110347
-849134
201327
702127
303285
-813940
866852
287441
-852309
440684
857107
909740
-738541
-770551
253796
878500
527904
-99855
893570
-634695
977997
355674
-677166
-832803
252536
-325938
-405027
687374
756713
626929
-948293
-805050
-14038
-60172
-757284
-372328
-23827
-540202
331947
-164185
169394
-419938
-208427
95465
-4168
-702522
-652782
657482
-31997
-841252
35848
-805858
-193715
-765838
714098
-572880
465751
62522
-699458
-159130
613630
65455
-710730
977303
704256
-24720
538793
622634
558611
-627918
464237
-928713
867175
996118
-759652
858159
-579109
-831975
-691674
-294136
325485
-551943
104582
727396
835479
-924449
-38531
-242350
-256711
-956103
-30070
438759
-599204
-87456
-37130
-14164
912885
-529768
-106927
762443
430963
-589246
781496
945508
86486
825603
-105332
-377602
-243998
-214371
-196153
-467124
-396078
-599339
203793
218975
983212
966417
748544
431531
748119
-156323
-29037
-596596
-518827
378285
470227
-512324
-723057
-386680
-63320
336155
-878854
387345
-664696
607006
401401
-423352
-813285
-365824
695180
640743
-696822
388159
644001
-755751
-119288
731167
-584714
918461
-307136
695491
-47418
700525
636092
-340945
76349
556233
-558664
659169
-494003
79274
447737
-29978
-66180
243045
-975524
181888
-415605
-304368
-684038
746172
97735
-985814
-683049
-257575
-143564
809374
774440
310513
305312
86666
117037
776795
843012
-920453
382285
23838
-936298
-90861
529076
-514392
907159
-720764
358777
34294
734842
-881042
734712
918110
275322
156443
679519
-328722
204259
-546743
-363848
210715
-888006
444256
-605612
602908
805477
922746
-781909
-355792
-848181
-238471
487046
478017
500054
33570
372285
-89882
135471
404742
-271931
289605
-844283
504940
906031
600262
655872
847273
-712628
256496
-395761
-306184
253184
550356
180989
-392961
-319961
414632
358864
-719277
-846085
18399
-878193
-73896
-13384
378191
-745516
-956987
216733
-230174
-197828
-83838
-740544
-332805
-793039
-973921
-706557
683587
400914
-864382
-291836
993192
886046
-709057
-439152
-970037
-445569
-63009
824886
-210666
-641668
209065
-686280
895758
296445
-327771
-749864
184987
202849
-5458
-124060
464858
-687022
740928
94715
-757374
596894
-426684
-981621
-573548
-410047
907306
-727796
928143
-580350
206240
440336
864817
896346
-890409
-38770
882994
702653
-998300
483756
-262548
-628307
48620
990137
473753
544073
912529
826464
-280633
-574318
-583856
464907
-585699
321651
517685
-140305
-72822
575426
584043
982947
-552643
-366358
493198
-924016
-702998
48436
482590
677828
630891
325942
364526
-795918
-567252
-580589
-921635
217021
707763
-292201
808138
64412
-192424
732941
577037
586286
-236428
395098
-21957
-31051
755843
-534404
666560
-116676
-192285
-554337
-711714
-358006
-233346
-41847
958349
91050
217892
-730521
-160794
-100710
47130
-147927
-968742
260836
-634783
519846
973800
-885714
-578637
-44144
677773
993822
583262
438600
41962
959850
128601
576017
527724
632877
-840570
183625
-165062
58788
-37806
81974
298727
637717
807484
709611
-332639
858208
-193028
-884023
-486029
-651054
-670043
-95175
452434
7144
-266739
-148486
-322379
-326931
-355842
725093
-442843
542248
729169
740304
-187068
862879
-875535
-683701
-361314
467087
-930703
173850
-351176
-242441
584751
945384
-357126
732598
965771
280571
-428528
896263
962740
-906652
-155998
23881
494829
-336828
-488539
-542698
367573
-528021
-929860
-953176
-656014
-852701
841730
87560
397724
227811
628595
-610878
901437
-534390
-88794
542679
887996
-981364
12375
568041
316861
511104
309460
159001
632860
482798
-81181
668987
-30044
-828575
-172222
-891336
-478330
142074
716359
-943605
719864
695760
-79209
532477
304540
-142061
217608
-281676
-440064
-634828
227003
341386
-820639
774094
606978
342112
-156355
-195624
-902664
810749
-20174
863268
-928473
-946358
476882
992551
-671462
800307
-58085
-278114
-853193
-200322
239069
526728
746289
-650977
-598248
-908333
178803
969404
-639950
777625
-66308
-767368
-14272
-185701
867695
788019
-699572
-653408
-784210
580332
-454070
189485
577050
28453
755516
330841
16308
240070
303744
717544
-818877
166819
-199397
-489039
951427
747436
145143
-664893
30073
52008
490685
458600
296954
853633
648561
591928
-460567
-888074
-757033
-608856
438809
-956503
726912
201194
-762486
-738859
973950
-644274
827624
11768
287545
-638895
580574
-836131
-52918
559218
-549264
448932
334848
-872636
-606039
223680
986629
-136540
409735
88622
904782
801942
816890
-431546
690813
170753
-863546
713146
171264
-701661
-933314
-327391
468312
626511
975687
731726
-329471
-573731
896288
2306
-654213
-30316
-207016
817891
-524060
978172
-920373
360981
9611
-204068
-418899
-686306
529055
-2749
-156536
953888
-979175
-972565
-215819
631934
-106333
-953548
-949208
-614379
-416261
-412731
-627857
-994763
-63927
-222866
596583
-919611
483696
-625336
930064
27469
-118181
-871957
-126027
839985
-958495
-483732
783625
514299
456042
5034
464379
-444168
-962255
44229
-89755
350439
-842638
-917569
538569
391975
499924
-310536
785055
-975602
-933410
92591
54036
332710
-401755
-810480
-742990
390399
445871
-695164
774647
-719643
939808
962662
6870
-619650
247890
-142189
384816
756544
-265000
507048
-781080
-46629
-542473
-185987
70435
-144879
-356588
766188
509068
-485552
-376611
835341
181417
46619
-876489
255383
944857
702958
729094
412805
-682699
-47854
560312
176776
235778
237021
826082
996867
-907903
665001
33929
549916
622593
34305
870793
-618935
779412
-792182
-394300
12671
291108
398466
509989
-965462
-432793
-170866
894213
-751786
392335
516811
814958
94828
-330073
-622528
232717
946269
-262418
-404634
-40565
865418
303784
-544797
444572
-48806
-907846
694959
-902667
-584155
48615
-279707
-504878
-301591
-675462
424837
-282143
625527
-185664
895350
641411
44119
207490
-836969
454322
215516
646261
-587910
882925
856346
309523
-807923
-441043
326116
-848087
984696
-387774
-339753
618861
429333
183252
176337
-222157
948232
-346163
620015
-111467
-408112
-960577
827349
969658
705953
500513
467107
-985720
-247537
794652
-150491
794788
984760
991302
-268723
-665064
-405878
461381
-822666
-556811
-891223
-692230
351663
466759
663221
195105
-659609
-291373
-376267
-700009
722194
397575
422438
834895
473704
835954
587591
-725521
-869615
634067
-483659
-782157
900202
-69689
977564
-64547
13900
745185
501828
-930511
-250181
750375
-515303
134408
850304
-149483
838196
250851
572560
-396858
410169
-185063
107372
-2613
111320
292646
-66007
652541
-906258
36724
911509
-961695
353697
51893
741564
-677786
-275155
-226505
-309813
982637
982975
4194
-472715
827497
290743
-843675
-385466
-379135
534191
-249721
-119028
-797906
311076
48993
-458657
-357647
-703239
312594
256382
327323
415399
-947775
392250
977825
-207553
-386219
-230060
579751
470043
626727
-885779
232228
-852808
119041
-193805
45632
-750995
926487
27332
-858769
225364
906124
-22101
955921
-226982
-553919
-225590
651470
-390593
169625
-228175
436146
-295718
305636
-196659
-167774
-740447
786534
-95743
-499488
-423572
967042
-56138
-631986
435075
654533
457754
-227497
-65904
-288182
-244790
756124
-248930
681340
-899842
-471636
-553376
165597
80266
-453528
-734919
827756
349968
-35306
-692267
-508011
-798679
-97454
960564
-297992
695803
-659597
339150
-718182
812167
592408
-117756
-651095
390425
-705749
41273
968212
302638
437147
406834
985955
-276328
948169
-36536
-622566
814863
340982
-208881
973165
-128662
697103
-658130
-382732
-511402
431477
611154
534499
-701330
-859763
39343
502568
-17618
-599759
234451
-796096
-541402
-228888
-48311
-844829
940050
-812469
388532
-98969
-976083
586738
631404
-305212
-686027
-171751
894307
55666
-529446
-763138
-843799
-215999
236438
-143953
754097
304245
991480
604169
-714421
445791
324987
-466430
-942980
147092
-939856
83634
-119331
368370
985992
599957
-437690
-795880
-507989
-202877
-718595
379882
825315
-940971
-167145
-926567
310219
-232203
-978432
939759
-662142
-857411
343216
-626008
-849442
914198
239875
-882009
-582825
120665
762500
512855
541419
687837
-131220
-401313
-315235
889885
62588
-46689
693077
-501515
936882
536005
-243305
-718144
337087
-441666
63108
507392
948882
-876434
101891
555038
-644299
805087
-48157
791092
-487228
816399
-993514
776854
-763770
-924470
-74978
660099
972622
-69320
235118
-11736
643502
92468
-200403
-901691
-168784
-530447
-347041
938391
-488248
-397429
99875
790984
-691578
239594
-384414
-866442
-348327
-41264
-943925
347577
-460371
-319630
325932
190618
-712717
265580
747648
94963
448433
-758041
365592
563187
821507
787872
813165
306128
503076
-771568
801721
-33449
65538
262609
247071
-187366
-834658
312802
642763
-55970
-890872
372351
-532119
-14184
-656978
-832427
-53490
-97110
620163
-869164
506626
619982
124102
857802
-301897
-214786
230938
9851
-770583
295406
-794802
571238
-728772
465660
-594687
-973538
-106500
-451305
358921
982644
-223662
782851
582749
-12828
-216402
-926757
-484386
960059
936237
-372320
-770926
309142
134713
-825369
905124
-689584
-998269
-375695
148293
789380
867765
150686
-26264
39529
109446
814997
-110739
-992317
-952153
-646678
34060
-571533
699930
-42033
189586
-778183
-575246
-638109
-309414
632640
45289
848374
-847655
206993
644571
-695668
83554
686740
-497575
-862477
-220532
-850580
-439159
141431
523593
-733591
208841
346892
77265
-715768
873998
-358098
-835716
-409391
-748644
562274
967040
10435
-408357
499984
-825119
100099
-890363
-871740
3325
682068
474899
477562
-650195
-149907
1221
245040
-181738
-725574
109332
848573
-639121
856767
681169
-858682
-32576
926051
228946
242258
480775
231111
-744796
-914157
778153
635250
772359
-27886
221193
153460
571333
-353650
-173140
-855669
-96857
792581
179302
-700152
21460
4457
-879511
-373191
658819
-979654
-434683
702879
623376
-237757
-230907
-745453
-351630
-866981
117911
-528948
95786
-734739
-561999
-165280
-577478
189913
-473039
-322783
921025
-494648
-930289
606477
-984037
-799892
779873
-542831
948016
-51976
-907205
283662
-493749
966163
-192669
-359080
164654
975353
-950133
-653355
-689069
178677
-416204
142468
722034
577737
-176300
106952
-144605
451652
89026
-734368
-416522
253390
116429
-4979
-760149
732316
-646929
-953200
465590
569719
-774209
-334893
983698
151849
136033
-24096
761746
-80513
331558
823079
-7064
-974675
-892688
529776
-610994
-889259
-116566
835892
772164
-307910
593526
-292990
-977138
420600
137760
-595495
-415115
451611
188962
751909
855065
-535456
234961
438636
533749
802321
496571
441983
-340480
704347
952224
937189
-183408
455370
-798386
834583
847115
-670347
-721865
805176
-805153
-410549
-831282
793711
812666
43389
-315855
345408
801041
446394
902173
731210
-182689
158907
225592
475250
-661431
989273
625380
-726327
-394488
-390962
73788
-388797
146803
-355816
137344
-477369
834847
-160700
775657
-511192
616785
176819
-739895
584473
142382
-92370
-701729
-972822
-732724
356190
865336
275943
596188
304520
246987
-893150
432552
-48168
-703946
-871076
-556703
-493113
331865
260689
211557
799792
984163
753222
-767861
706254
969391
613048
258469
188667
-269553
666863
148754
363061
-495330
-45463
-893445
-372006
-701282
-235577
-680081
499737
-846430
-605545
-380601
73276
-384679
719470
-202943
-596321
616891
290046
-441736
835576
974248
292257
280660
-110297
-139690
-281468
-501206
541266
472196
831747
972842
-540145
-443411
146433
-673222
92439
959679
-118788
419831
956005
-718122
959820
284129
348908
-488711
85398
-366752
-827498
231467
976752
100878
-694823
-350307
655785
-538339
-828558
55062
-206050
-738784
-532516
593920
476302
-117226
-676937
-571304
-818007
-165652
-940979
381387
891945
530511
686530
-988520
959579
-974555
617927
783445
353500
418694
-953308
-337749
-792359
-303582
-191527
-219656
-510235
-66512
4918
505450
-752465
59330
-540422
705540
-789507
-38054
-255740
-231589
580483
579603
770453
676311
-902466
887075
-527089
-220626
-908134
788669
-622910
-153454
-745308
-908108
209289
998993
-748948
919482
-466024
-262686
413460
-103358
695923
809699
-112858
209591
247608
-791940
-623951
381623
-91952
952108
-385251
687211
104494
-391836
307097
-925977
900390
-691951
621926
481985
394798
-843696
377250
454963
-743673
433728
-894290
-271329
-974152
-971463
385854
-756737
-605987
860212
-987998
-536421
-316231
-149943
803043
-304252
-893317
-929081
834410
-479208
702439
934934
-485400
-741350
887269
-256119
322547
440372
108474
883213
193833
756434
-90544
-780953
-194533
-300817
-867551
-60853
340006
768017
-979401
32320
344389
-207650
-835319
-182450
-257411
-368400
413930
-33986
2843
448788
-873790
114645
-239361
-243373
947919
-655074
221516
-776067
44674
-844656
-211251
979366
-309425
482124
-237352
180805
339980
726077
-264308
-711963
-39954
-555709
590049
268800
-236292
-661298
314564
-810462
-142261
156123
200172
442550
-310269
-186947
-621802
-809765
-867629
659071
-325029
64660
-916984
84314
832109
643234
-763752
735829
-579695
-476077
-237636
774735
-749372
758527
-759826
-494333
264352
935683
-196904
606800
268843
895602
612517
-260847
-362402
-462434
-77945
-818096
733043
-685972
121245
383304
967497
6314
421130
-166193
-62738
720102
-961146
-107526
766540
492172
299283
-226242
-592057
431180
-498476
229666
910376
-301506
908930
392524
561359
556282
-854436
-587586
821008
-714209
599561
345883
190913
708240
-368612
165385
-106329
855558
-798975
656474
-164233
535983
-319303
910478
-751303
-821958
-179646
929928
-905053
-339750
-216889
-170204
870369
-557408
-403234
367102
136688
-974550
-900156
837010
-482408
166365
249494
223294
-619197
-959982
-429627
674118
144705
-144488
-910884
-942044
-105127
733466
619234
754761
-724402
730919
534870
283784
673160
-865360
527395
-229283
917553
-182103
-591569
-729572
-366134
-535519
-154864
149485
670672
641512
-238842
124376
-22129
-764269
192217
-90677
480114
761509
-247933
-8917
849062
14128
3926
-702034
-690562
425882
37953
145381
279621
366695
-638616
-272755
624452
-780544
399624
902946
-101813
-470106
-234641
-603535
310312
-308097
-928857
-368698
74646
914710
90910
54749
40464
196812
-392222
-923928
-807138
616576
-952458
-939682
682755
-344144
-279222
893212
791681
-91619
-449449
426491
184022
-461503
-755429
272870
94127
-287257
749652
-757454
602714
-699953
-624730
530584
-721050
-416402
86417
518819
445806
978380
-297276
860967
-443951
-337417
454759
-473024
845945
-968353
227585
-437591
567548
255608
-949760
989253
815681
-103852
167076
-563371
558726
134323
-886704
786631
194243
-20193
124898
254564
562372
747643
856204
-463161
122444
-897323
73966
649289
-189568
-615819
-916374
573583
-591555
203067
333851
435714
858831
94388
305942
-423250
-842956
118798
232892
-231024
801136
433540
107788
-788757
-28013
896617
-114738
-991261
864798
404829
-821799
680277
272227
73167
-672689
987951
-853257
398643
378132
-117750
66332
693754
96298
-246707
372755
-153770
285822
278367
-450155
-931562
783221
-734592
543242
-941617
-608060
-131625
699166
-712417
-348023
521063
896518
940280
-374576
695897
695813
91102
-683268
576680
-42539
-469152
344799
-40560
648280
154236
2171
-318713
-456119
-125798
63141
-121796
-459440
-224723
81530
909210
-658747
-967119
-285469
487527
668110
-508059
-344567
22618
199474
401065
233076
905654
427613
473386
939715
88433
309867
202053
-621150
520650
367421
300213
454577
616335
-858864
766162
-916296
-642210
767151
-500463
-966542
487136
-823170
36515
-546853
778236
395247
-321218
414237
-296147
875863
436302
380394
-38579
-312484
-448572
-692570
-961472
-977811
691718
48892
850597
272470
-719950
452139
-828490
467142
-540326
147351
690309
-443805
-32678
-443833
-781244
599804
-146344
539725
-585575
166794
438076
-939511
297387
-284435
306616
718253
235894
436992
722327
-214477
-35167
-64669
-593239
777494
544069
-278837
447431
-282350
-216628
907205
-396606
327070
883645
343358
-647343
332744
-205095
-151425
376342
998432
466494
863170
724130
-149588
-222166
-144625
-427920
-994560
-931966
944904
966733
960853
-154993
-40073
964173
246204
812587
280699
-969821
22300
-637913
586688
-907521
131241
986618
331878
-92464
106694
188977
141035
181198
253065
-612788
922615
569291
-800697
269103
91081
372741
382955
257266
79574
-393247
785804
-277520
75456
377984
846332
385989
758273
-353604
-289356
-30908
-517883
-855152
895694
-37888
892548
-965222
766654
567276
-20530
-993472
782952
546950
667945
-399677
393672
-629104
21965
-844168
688556
646682
394983
-445545
663526
-558606
-30814
-114148
792332
15374
-27127
633017
823740
-967195
894325
-62031
12797
-131028
25134
-922656
-166892
-917468
-748971
949581
993054
18298
-207231
882843
-600844
743707
497148
-31148
-157384
326939
23507
-276712
96849
527565
-211621
602432
948771
-929262
-972796
-912045
-645056
-461546
-2873
224857
-609142
776091
656835
-98290
-805694
378016
366265
561065
-730067
588839
750113
-805943
90217
176432
-977234
-84507
-996104
-243761
173517
-600988
-430498
-425429
686089
-999091
771402
195409
88239
-622710
-640248
-438327
-80754
-863989
-775694
-847902
533890
120795
439466
-63231
25959
-330055
-254876
-80102
-932411
-570049
23854
363355
698704
-233846
-393944
639697
260305
-138923
803153
-916484
652434
115725
109968
-236193
-566823
-978996
331191
-693075
905947
350739
887831
414311
-502978
-606222
219118
-234188
-153913
477061
177448
715461
548958
943344
46055
134159
711549
688366
250135
808199
-624460
-423253
-92837
-199871
-165140
-556510
-367427
-903073
-80737
73975
183391
-125947
-338556
-321424
-338146
841041
975230
-555120
868899
-44316
-431529
407958
652630
-544454
-701957
362173
755169
-617898
231888
216164
-882922
791014
-998895
-737810
-700404
-983496
592458
-691097
415403
-950691
-994705
722536
-945696
302135
-750871
292074
994987
785461
-634990
-267116
-12502
879971
-681804
514123
277513
222588
473011
457581
429690
-829531
293747
-856924
-40546
-883860
-829847
562962
499273
-341319
270907
510183
-713206
278853
-846542
306618
830628
828406
-783476
805450
-668724
292477
132264
-752346
111789
-616638
-418328
-596181
874800
894787
-986113
86617
-667239
-495305
675801
-837914
-969783
-580781
645764
-692840
5973
-50079
-685531
-32568
-6168
-474651
-683800
-772334
-907521
-121357
-336791
-99584
-618071
-271089
546008
63431
-673356
41680
774882
-323898
-948238
113403
345746
-287021
-329286
595674
-810039
170228
774486
-885186
733526
77347
-282643
-240935
-811051
85812
-569312
335451
705792
-640180
-524622
790477
883820
294437
-137885
-829025
-5053
-30191
731394
79812
-193762
483060
740354
505633
556434
242083
-72784
-45812
932897
288865
-173283
-608749
-314472
-858309
-280043
-169003
883091
574850
-735515
-996580
986448
458334
-117591
346743
902315
-366292
-146291
-273026
545257
-653423
798056
23122
583865
885262
-878582
-639349
-232625
-271708
-886620
769653
246754
331235
878941
-353556
-391269
528649
940639
443214
-603479
408558
743839
881197
-259897
-206254
326870
43853
643841
-143089
-870177
-285000
-592014
-330123
-250031
-939627
-8083
25944
-813694
603879
109450
-849010
86528
725273
485555
125272
-42064
696561
651899
-420062
-940936
-652801
-36490
-848984
-324642
-738097
-419946
-197927
-525725
805356
18503
-681855
519803
960558
790621
400269
-505721
141547
-728175
-1027
-12013
-470794
346385
-748038
568221
75990
-641685
479155
666952
147185
-218360
814564
77010
180592
-111386
458636
-372513
-868725
338917
425640
359864
-849044
778876
-730823
-916009
-8311
254442
-148232
-665764
813802
338151
-434173
-259658
-102324
-309822
375897
-532295
95320
-423710
-237154
-829316
-524630
-911847
-175823
-509035
-301709
-212451
604892
-111903
738433
260248
665010
-812506
-780673
123710
-128176
226128
801228
867956
-408039
599985
852755
-42456
-923174
-755154
-82328
-961925
-933261
-88980
-37323
-665866
-137502
-531143
3665
820682
-149190
-794896
-110721
-889507
-560597
744103
866
612967
-835666
528894
-851317
-297309
63872
-57836
-507535
-437359
-418336
640489
-415762
-196073
182181
847584
-215972
-273657
652403
570102
557407
261683
841082
-557922
846620
245530
-338124
-448141
-938149
-327526
-600439
732409
53359
794734
-762915
-231264
554038
-230894
-626212
197617
-583121
-786814
961270
-596102
-573955
456170
160643
-870324
967686
234053
-324097
-855857
863091
446829
646083
479621
887617
-355518
-209140
-827093
928356
259511
476362
898400
950700
624357
-510398
980579
-478873
-67078
944943
888686
-816689
-831271
-213202
-541808
84396
-407340
-806170
964564
-76934
232574
-714839
33654
489934
-277629
-413713
116448
-42276
-430671
585230
-782689
306775
125322
610371
48387
-345968
438126
-735220
-863090
-385718
-55189
-313038
97317
-224427
-774848
-62708
220010
-106061
-685368
-33252
-966325
390841
38912
686203
371721
573189
-227427
991394
86257
-633040
-64983
-482455
672569
876044
388429
-327555
-251700
425150
35048
375916
-440359
-240407
615504
573347
682153
928386
575600
-469362
76324
-927876
-590151
-83734
-865458
389920
552088
737099
701450
-133433
-557134
668985
544318
-754430
471831
470253
927466
-865358
-467309
872679
556920
-530237
756521
-317220
-779241
202794
542025
-456445
-531677
425793
903076
90980
325988
927502
408926
925467
349636
796211
832733
-714397
383543
-553072
66799
-444087
-357054
713924
494242
756818
552803
-331366
-799164
-438862
138825
225751
-316487
389591
327825
420002
-542731
535982
-531990
709719
91943
39748
-403071
-838777
854681
-477048
-155233
-596290
-500323
-938744
814879
-204081
-222120
616171
-663431
-521343
-486211
-30934
728907
401423
926631
857019
-130212
343957
145621
-354222
690150
35609
881984
997885
-565283
16813
-347300
-69255
964903
-521508
453909
266970
-825856
607421
606544
873116
286924
391808
-784993
-130077
-795228
-771306
108382
69715
74465
-556357
202575
465111
-85419
-422800
-780553
913576
-113836
617226
-681686
-623405
-813214
870011
968500
-975906
-664507
-764851
-730601
-415493
-764294
-772399
-355499
-701209
-733788
-712855
-412980
715766
-28403
-793617
279761
562257
813927
804005
900860
-376648
-189549
56706
-700345
-610969
-918098
-955028
-50144
-361443
-252991
955739
-262384
519871
530086
927507
930833
354906
96234
747242
232303
121148
541322
-550934
268104
31308
538804
-921150
-174154
-591029
-221742
-300231
148966
-872674
442697
900619
-231716
904702
872703
-118992
955326
103062
910893
810707
212011
-867901
-190059
910574
121695
815903
119873
-408374
263562
637300
-459551
-876454
244351
451123
628263
-336605
-865849
598993
-669197
-325301
-834471
-541979
-74280
451399
-381850
48851
-176465
627260
594191
-598048
151343
-966011
-966060
-292684
452732
-163264
-790168
694605
400102
-149093
686272
941806
801124
-963362
-884711
244895
-24784
-642970
-263392
424402
614612
-548638
-355588
764391
-359269
-82037
-384732
390433
452994
247111
-400944
752236
500941
250337
558171
611309
-294363
-297719
-576920
-973924
-202492
-207565
-603587
-120917
616122
851488
-948161
-453066
-29811
385018
584117
935612
48809
-37547
-552508
201977
349444
992447
316934
-563721
-6004
-124820
-547024
757457
829550
453943
317649
820756
39800
862109
-581197
460725
721499
-197998
-831612
-487487
870705
-176769
-787111
-532639
-934665
-55895
-956066
824550
-658121
-789806
71844
-89943
-136129
538932
-401655
-839362
-596157
-375253
385051
-439033
178771
562670
312395
224070
357928
-101809
-855423
-825120
-429266
-378632
-669712
-154418
-805172
-917786
888367
-187513
46098
-145023
-889400
388615
-75270
548817
494914
395287
-626442
75739
-48099
-269171
440027
878626
-319014
873344
661582
349716
-520503
701218
-984266
-10380
270231
-140793
-327443
-56752
803233
729834
-725231
-546023
391606
-27425
84263
964266
282856
114554
-625080
-109455
-917855
-757134
956045
-401183
-861261
-226243
-229962
-225761
290077
-197297
-862077
169526
-559495
615595
-890765
682778
878773
522137
921983
390702
-954050
-186110
681729
857071
391276
-891806
187806
-707530
-885633
893866
722440
-135596
627155
356590
-479460
696032
757835
-47862
-218267
-427279
-271156
-207010
694678
-552579
926770
-662757
-831767
190135
822647
727767
-968551
-155139
-921191
-796774
28199
-282602
-374852
25195
49345
-804929
-74915
264540
225317
553660
347040
973445
-254570
900277
-921772
-208676
599461
-225066
450279
246573
140017
-680833
-375395
-815524
-525314
-52391
595378
-580686
-585432
797939
-863789
-570208
46644
123746
675274
240718
-21281
-82540
492084
-932585
754214
-207776
-928670
542333
911574
-985003
-743715
-384967
451506
-175627
-828050
884792
-749911
-344526
-126309
540467
-292506
149033
658579
820852
639405
635970
130446
77806
963354
85158
625840
-451607
510697
637006
707739
-119624
803998
-487791
261754
-912688
-725525
589199
-406111
399352
17620
992909
-736038
-219513
69459
952154
295188
664072
167988
-420825
768757
-96434
605417
507350
-87971
-758572
-713852
965187
732149
-659696
119402
177300
-107906
-52672
483814
-564604
-372310
110859
-980151
-830454
936135
-459776
-292212
-181526
-951013
-393826
422890
807474
-857229
-339438
836784
-497263
911630
-375192
-722894
690159
407754
-307705
-786425
363640
45620
-255906
784683
553823
-444699
-616420
26185
-716785
150804
-776917
409392
-626832
-240874
662827
288314
756151
-930618
-587464
392872
327496
579297
819762
-112817
-209290
891559
-598635
621534
-9218
-1205
513835
-964592
174012
319222
-955159
176040
-927927
421467
255766
212312
-941156
47573
303515
-893272
603610
-288053
-840767
-200840
496863
358473
-782909
311008
218099
-276458
-495724
348166
304433
-163866
-945687
-506135
-405865
130913
-283795
-686629
-322731
-762231
-544028
-794940
399913
-8402
-444768
-846406
366321
-618578
362354
688080
-502805
782827
689394
-456316
61798
-506831
-924850
-19846
500969
160021
733620
575371
-576562
339709
317881
758221
750001
-431219
394658
164611
151068
-890292
-463366
-893423
437358
240641
-276126
60471
-994140
429979
-219226
-700211
-856602
-101678
367529
-155649
-41073
50777
-623745
-249492
828660
159112
-895245
501653
-533138
-46448
990023
423659
-290413
64050
-934101
312846
-733097
560430
-311475
-660717
780747
-346766
280489
923020
-604432
225597
8899
-631696
-581223
113038
709308
-521618
979722
524897
-674222
-781498
-566054
823886
132070
436838
92063
749963
-76773
-775984
-489483
407000
440664
820634
-480738
181488
89111
62571
638161
-211930
488109
474664
852931
562348
-886057
149252
-460502
939321
685395
-292237
-165663
-843567
-414232
-459585
605300
93593
168419
932396
511470
-510456
346347
241280
638324
904109
215580
502125
691152
-947788
255671
309152
-866123
909846
893707
117947
-276915
-213155
144749
582124
923741
-3280
545963
460621
-847395
213320
129304
566308
238725
-975351
-361245
355625
902325
-629717
352192
209028
-159759
-756452
116248
-850233
-2189
-584816
896584
540457
149695
-222972
-11337
949223
-430338
422145
533149
-953419
621227
-437775
770141
705237
-607061
263276
-613488
866737
409590
566751
858328
443179
-572470
829656
764134
96177
463943
610481
901170
-927089
338755
-409203
765661
-365123
-253447
476403
-608865
-893255
-449464
-110266
995915
57614
568036
963152
-422954
-696478
700664
666602
-516914
-195084
-859560
808525
922525
108495
558917
-307305
-779329
859143
642121
678774
-263081
-730310
405958
-454338
178551
-636129
382448
-990060
612687
-689244
270507
851032
-848612
-576346
-646628
97766
125495
-203123
420009
660670
482511
-995652
993197
464752
215729
181142
-298868
743672
-116950
391882
368981
-584812
-199220
968087
-198377
532700
608720
196150
235979
637524
292287
-6225
377607
583333
860717
998722
-344027
-135720
-499032
220502
-479108
101849
576363
290105
-550099
842426
-552919
-719396
-276766
-472801
506259
-823993
619898
-753158
-553016
-607294
-480311
-665853
-231596
-330776
869547
673054
166646
-39829
81778
-542269
-553150
-627275
669489
-485056
-441251
778303
750975
-614888
911111
585034
827159
-534043
-384115
970959
-374060
-291279
-54449
833632
578042
-563574
398559
635965
448201
-392870
-946571
557590
-621906
862255
977280
897775
550022
-898016
-623897
-82552
-173879
575889
383190
-433981
927217
-659375
975831
464197
-120945
-865523
-969338
741827
502712
633681
-573744
45608
-68131
-231026
-1813
-613804
973793
-736508
-293188
159611
-859510
931873
-438082
927835
-719783
-887435
828520
200104
582641
-114413
-553754
-174852
-783011
647270
-727348
920534
-312841
-490013
-660083
663126
-937632
851788
398437
-173421
-11330
-603950
-166735
880389
852371
715228
-408590
653824
371788
36218
111758
-606159
-103649
-780966
896669
287205
271244
-286523
968771
688018
-277617
-827584
-790369
177122
-741476
-607914
-68696
354720
424857
-640257
-691120
61447
67082
632388
136713
-579547
914871
-762322
542969
-407169
30260
839360
-49913
887997
489090
-79132
-613958
-396482
-972846
78807
-698525
-915204
729253
993681
21113
-341831
-992255
532693
-792679
929657
-949694
-702711
-960301
-371703
331508
-281092
868740
-108302
464236
-323630
956379
965627
594520
173571
-430951
-174270
400482
605377
-651675
-532731
-567564
428316
820584
-318019
333375
170329
89645
625006
190440
443691
341473
149468
-140987
-444809
-453067
-809914
577948
-991544
945038
253895
-525337
-785912
960601
-100565
184951
311663
-419738
558746
776226
-674601
-412118
3533
66644
387701
-542110
150811
581155
680442
-695217
647197
-44522
-482999
-719434
108368
611020
690430
993096
-830531
-552830
-510700
-815872
773739
-630513
179440
528891
696100
-62115
731639
-127358
835168
422971
244387
-328853
-743642
-669730
279271
765572
-129596
-468381
-517053
-436774
-856427
206357
-956074
705585
738802
371757
-337572
503049
348552
-413196
-24275
-554196
-477848
-628896
-802537
213450
-544587
-550684
-229850
-956399
6216
-649928
186353
-953936
-356861
143942
590171
987202
941001
-416292
-830690
-626390
193938
-170819
-249492
-627637
494273
-504834
758191
799018
-345565
-158155
-935235
-216725
818020
230229
-124415
-494440
-64893
-572571
-204406
227684
-835039
830293
-528542
899779
691060
-504838
-640296
-662552
742708
682118
-462180
-206592
-284140
635500
-928799
673365
-815935
566090
60040
-514205
-165314
-345828
-586801
681836
-969985
864510
-328489
-282512
-726877
754303
565954
-401710
-597271
756721
-572743
128858
-900555
498450
-636837
635373
657549
-502049
36545
515318
764593
788933
-668286
-789907
-773507
629022
-355572
-287845
-480891
-658020
-116514
-808825
-769076
606304
371977
19845
-339645
328057
-162195
487084
790871
-378218
559847
-950427
744696
-342421
-346772
987381
-11634
-68874
-463973
922037
-948956
-96707
135993
328280
-522905
723050
-30884
481919
832758
62509
916978
-103114
718830
376698
659347
-883093
-246898
824216
368482
32174
919517
-370364
250527
194265
780005
-206221
271401
107338
-573818
-217193
-87492
-291375
324630
234194
370721
869203
-777017
-498317
-252950
490860
-540236
641234
-382334
927162
-238706
-74877
158064
270401
-260219
344828
-808815
-583504
-842407
214606
553081
-913863
-308970
-843841
944141
864858
-909780
-960541
-984308
-405075
-802115
477533
-22857
955051
-542052
386312
919671
387524
547838
-341844
562951
-285855
145841
-344283
-220976
-920348
-574692
-856495
-93208
487379
-334214
753385
-383796
115028
-18629
909139
948034
6552
710621
-630971
-582267
-907877
207732
-849122
543567
-983807
790838
163050
622332
638366
-918199
-420765
-22662
-381969
-398756
546056
648507
389359
-559803
-818493
727131
-283866
892153
-272062
-771897
-33619
-64832
513634
-472917
517874
965494
949613
-692773
-31138
-195927
450921
548126
119532
173954
-61094
509673
623389
-644403
960326
-706492
-999303
-99174
-177216
223014
-679719
-142309
-644456
308599
241034
82858
181649
34529
245960
72952
928408
363708
-462992
218058
614460
260416
812294
-386544
-850865
242827
-626168
758713
922767
-350089
584076
-792348
-796610
676744
-676955
-711803
-940753
193891
859138
-929563
-370575
591024
441638
308364
-820985
-403140
-535221
984937
-702402
-982691
623313
-806312
-974495
-822899
-416191
-60757
476834
-694393
2928
-542710
542674
474444
-839212
-615806
-859065
-67823
-382798
-477137
-399745
653382
74848
-80942
207996
-209371
-710846
787225
732091
854112
-96002
-162228
545397
661281
554264
-826919
589843
-778929
184682
680670
309792
-428122
775997
-321017
522443
-372824
779276
-425465
-909091
890376
-105593
647202
830555
-346296
-799158
-902805
-611638
-570512
987361
472265
617679
580608
-368675
-364656
503031
688849
798067
-286844
-69308
182965
458274
-713651
796086
-658381
263800
-587167
422353
-82032
-934043
272666
597599
-703697
996112
943208
296684
-126641
24718
810928
-241033
-465109
769708
366810
240419
-488896
-674658
919580
-936566
-204322
-721674
-382303
672339
-636569
353452
-236452
-702807
873822
-840745
-737772
-529100
346369
232000
505694
703156
900712
-678055
732967
334746
-967312
485258
977948
-413599
73883
687111
903141
-495046
-729392
353676
-901822
614565
300121
820965
-14698
212640
313964
-670684
-130434
156996
298815
133403
-75269
-207943
527173
426467
-728250
54386
124661
647857
993774
724509
878908
149675
-811090
925624
556935
-474072
371205
770828
40214
-987108
509505
-513456
419987
542059
415690
813743
-669369
741064
-19580
4471
150222
-966528
903071
-337606
-559220
-254282
790520
-815275
647843
248490
688449
-237800
-249521
-505257
419044
960860
3799
421131
373757
878830
583740
-566837
-480451
-32426
-15043
754159
914938
891187
-234429
812405
-591590
-745113
-21493
-125326
492897
-524629
826026
489628
334716
354280
736279
694435
-964995
-689180
179115
977912
-70361
87002
-918932
277098
961889
-829677
904353
-84239
1005
920930
-737026
251462
108351
-562266
-823938
-528555
443870
-752273
-403496
705402
-931531
-663422
124756
956713
413154
-695840
129168
247295
-220778
443690
742999
-365255
99932
-784894
-241980
49893
-804176
980035
468680
673740
375600
-540119
824466
-169708
846748
180541
-157659
319953
-537744
643157
416303
-638368
-862254
-722954
-741977
453337
967815
440331
-249083
368232
250436
-959314
485795
-71839
583397
271009
-884578
-707420
-947449
119558
366360
808066
-539095
-13042
610445
-399805
379824
-87846
-138273
-261466
846806
670324
527141
760060
661957
558309
670534
678471
134870
660016
406963
-346885
-290553
594651
-853194
942567
767308
238619
233287
911358
-904801
259518
-806299
472745
31676
-299494
116367
381826
-860532
203933
5566
-236181
-452393
445931
-707482
833861
-466618
-23929
317402
805192
32958
-587219
835852
-327225
672395
-123763
-892564
-44057
-360919
131796
-103626
760700
-167422
-490799
718420
165617
717533
-593
-891961
-504076
784641
339639
870730
-656345
101115
-52601
-406268
566945
-937730
-377647
-865206
-85660
-532722
-564355
545749
-19540
723324
-896947
132254
-392846
-121659
-534747
287482
223787
146542
-764423
664079
-530194
407463
-654780
334206
9089
139675
913991
-41797
-783579
411758
-626437
-619210
-623763
371303
-420915
-764874
1375
-324992
519706
702047
-981798
-924933
368461
-654219
367141
77047
226293
33685
965837
926867
746941
498350
-543850
235532
-509428
-561393
555761
3876
-976517
-246294
785122
380996
-325247
-337538
720321
-127098
-643480
976193
-208604
-358228
777944
392284
429867
749683
919849
-13546
-873114
-987215
291837
-692111
-349254
468495
-133234
25228
441483
-553569
-933406
829716
403930
64554
835639
-714707
538413
-168785
181110
-922964
898203
888988
-142283
274371
98939
896385
-683961
962030
-23723
750761
-947496
432809
-162003
562323
-699839
114074
-126028
315624
124640
-795741
-381615
294473
-227344
-293009
574118
843229
209186
80333
-115965
497083
-335100
786125
40092
-763584
994829
860299
857474
-729268
-602725
-982250
-43615
305910
-685575
-437120
-477274
960006
412540
831271
707393
578998
-29395
-569655
-13145
-87452
258037
956214
807654
510005
-283861
-136545
-43813
631391
-802015
620242
-506986
332413
235877
-511078
356829
-706933
249512
727341
-861103
824760
-373356
499164
-783535
-433131
919885
-305487
-151993
975314
-603531
355884
743660
145191
533886
689089
-492758
-711403
-194738
-227085
762282
820254
1925
944934
743297
-92841
-136909
846599
-876818
915864
-94558
-304158
-16646
-645970
-302325
941177
-909638
-997740
123102
99571
-341342
937017
-60665
-168959
-950581
-415651
-318259
22
457324
-213575
672946
-965318
-261385
-846847
747814
-717231
-503420
-868076
-681195
-841997
350369
-463652
-582834
941048
-468422
-808174
-121562
-296855
966385
535263
-636238
795227
174291
445307
556664
-993022
-443024
791665
-173587
-273859
684460
-444374
997805
622429
536724
431679
431955
610863
-816599
-792511
462713
328928
513954
-421210
-160219
158612
-930156
-439179
551395
11978
318499
-229613
-159246
-808463
47092
-899862
-306046
486133
437453
-963316
-883966
856574
653666
-252152
-103000
-625376
6303
677223
332392
261706
944811
590364
805361
-782733
-61389
242453
756630
381326
-669940
992720
-9931
-391896
492793
-470716
803699
-394591
820166
571391
382352
300016
-84009
-791886
659928
-579112
-750569
-78722
-157821
461391
-349008
843503
168424
-692668
-676582
-760033
103016
199959
601614
-274205
-290833
-605837
-273096
-119117
223265
-452277
-478320
556299
-980358
-775175
-813795
-269470
827006
-960070
931635
-277800
-205575
-847930
-5139
286585
631884
503770
311763
-532226
61441
-230818
937843
-418699
-335211
-18753
807738
-932430
878473
986701
-182450
-766233
-877578
175858
-902734
525776
-196423
445110
-987550
-787274
32009
379811
-97727
-696925
-934355
-312432
554773
-457879
-622382
779297
734616
-589330
98733
60255
-114023
846480
-245798
-309877
863905
-357139
747176
-373815
662542
-614804
815746
296438
-671058
-429914
349594
975416
-889181
-779115
896478
107934
-367947
-250423
-481878
531620
-467144
230792
-262923
627427
-672888
-612387
-303216
65340
122688
-261181
-53451
275033
109527
960635
-289960
68136
685442
-904183
494623
956318
-702684
-200635
975375
630110
-714444
-753607
478752
211828
-553223
953529
705450
736658
656116
139775
722081
111980
361866
-485482
-669923
323024
-594602
772586
268755
319407
-538166
-228469
568599
-189239
543716
-137477
461372
-810898
906463
-526882
-836288
599627
-981248
342618
-105822
-153317
-625602
-161877
482112
284201
902265
-180107
105695
36284
125453
-837816
-219683
637574
-416111
251872
-424252
579296
-787001
-579931
-713238
-375093
817897
768676
-174880
559097
360336
449793
-223089
-885814
-409109
249559
677388
161157
943178
258774
945893
-816008
148862
597001
617607
110791
-3849
-465807
-509246
424029
-145284
914746
831914
-885387
-264088
-441602
-456374
-391302
447932
292584
61610
616028
-85653
553172
396283
536218
973459
917435
532389
-193907
-261481
103413
-423814
703331
169950
-234984
236495
754319
325733
-957344
272137
-863496
354579
339095
122924
-253362
553160
860072
-800473
610820
-135998
546235
2600
60393
641197
879897
-366251
348900
680838
-959343
114313
549611
-326448
-868548
-633755
235868
912881
389054
-111181
404606
783757
810327
172091
-703802
500722
419982
-80547
-579117
-201832
-590804
518596
-896464
-151130
-530211
-722300
971327
146298
927268
706132
-840642
-994262
564052
-90909
-116470
-709202
758750
-324609
-760099
177125
170857
-943081
879660
-755154
693513
-890422
664644
826172
-211144
-143080
-893645
-571917
-864951
993714
-836286
556280
839019
-375710
141150
551894
-366550
454345
218259
250180
-891583
-709949
-340506
-56455
596802
-813898
-691505
-394209
-856883
291444
774531
906640
-112902
-531799
-530903
-707431
-244545
-320416
817808
355642
494524
589373
316036
-485630
-911087
809215
-195214
-838111
341428
193206
-180394
-139127
-432387
315329
-813499
-645845
257159
290184
-75278
357629
820371
-496257
-864096
375540
620383
401027
-791337
-901547
763624
-409741
850819
-508986
-109412
-483221
-472134
-924815
-138540
-635330
-714380
-945194
-436951
-425010
-768599
643523
-119873
600361
170753
-29808
490837
238662
207474
37804
-385491
-893776
-967005
600863
239897
124421
988016
383783
785540
-714450
-597106
-145317
-127941
-113395
939512
78680
241876
820273
378399
134453
-358251
368022
-209968
-653636
-979068
-289100
-827817
-878926
655663
49190
774958
-755160
763147
435942
287553
-437081
466733
-73770
-847392
800302
963674
-754041
513494
-440609
-652856
-262883
95499
-330512
-161269
688654
-745563
498567
-683134
71304
-357961
697188
-741486
-323348
-903966
-49
342263
78387
-74708
908123
322089
-667418
826716
-675087
-274330
-576800
708435
401701
-917177
-99359
-608239
281248
-243163
956151
399704
981371
-376560
-981301
-824382
-404086
-333802
-751001
557683
-511509
-70174
393278
713372
-994455
57327
671575
143312
-920184
-276995
-175462
773765
670503
-59957
