-999811
-999427
-999303
-999091
-998995
-998948
-998895
-998607
-998300
-998269
-997822
-997740
-997045
-996925
-996919
-996583
-996580
-996104
-996022
-995652
-995442
-994763
-994705
-994560
-994455
-994262
-994161
-994159
-994156
-994140
-993514
-993472
-993380
-993022
-992756
-992317
-992255
-991932
-991544
-991261
-990895
-990733
-990731
-990416
-990390
-990060
-990058
-989147
-988926
-988520
-987998
-987959
-987550
-987215
-987108
-987073
-986866
-986537
-986113
-985814
-985720
-985710
-985396
-985046
-985003
-984308
-984266
-984199
-984157
-984037
-983807
-983496
-982691
-982250
-981798
-981797
-981621
-981364
-981301
-981248
-980358
-980151
-980090
-979780
-979654
-979401
-979175
-979068
-978996
-978432
-977811
-977502
-977234
-977138
-976517
-976260
-976083
-975906
-975602
-975524
-975351
-975102
-974935
-974787
-974760
-974675
-974555
-974550
-974495
-974152
-973924
-973921
-973845
-973538
-973075
-972846
-972822
-972796
-972794
-972623
-972565
-972165
-971998
-971923
-971588
-971583
-971565
-971463
-971122
-970527
-970037
-970031
-969985
-969821
-969783
-969750
-969750
-969632
-969516
-969385
-969365
-969338
-968742
-968551
-968453
-968353
-967312
-967195
-967119
-967005
-966542
-966528
-966325
-966060
-966011
-965462
-965318
-965222
-964995
-964908
-964754
-964753
-964592
-963362
-963316
-962255
-961925
-961827
-961806
-961695
-961550
-961486
-961472
-961269
-961146
-960860
-960577
-960563
-960541
-960529
-960431
-960301
-960070
-959982
-959343
-959314
-958948
-958495
-958367
-957906
-957344
-957322
-956987
-956664
-956503
-956418
-956399
-956335
-956103
-956074
-956066
-955742
-955594
-955582
-955463
-955416
-955381
-955159
-955028
-954829
-954539
-954427
-954050
-953936
-953548
-953419
-953308
-953200
-953176
-952943
-952922
-952458
-952153
-951892
-951419
-951253
-951109
-951013
-950778
-950691
-950581
-950427
-950133
-950027
-949760
-949694
-949208
-948956
-948394
-948293
-948238
-948161
-948065
-947788
-947775
-947496
-947449
-947256
-947116
-946571
-946552
-946367
-946358
-945696
-945687
-945194
-944751
-944381
-943925
-943605
-943081
-942980
-942581
-942044
-941963
-941892
-941617
-941339
-941156
-941074
-941011
-940979
-940971
-940936
-940753
-940475
-939856
-939682
-939627
-939511
-938884
-938744
-938149
-937864
-937730
-937632
-937311
-937052
-936566
-936298
-935480
-935262
-935235
-935089
-934665
-934420
-934393
-934355
-934101
-934043
-933542
-933519
-933410
-933406
-933314
-933261
-933140
-932784
-932585
-932531
-932430
-932411
-931966
-931750
-931562
-931531
-931419
-931056
-930839
-930778
-930752
-930703
-930618
-930511
-930289
-930266
-930210
-930156
-929860
-929563
-929331
-929262
-929081
-928857
-928825
-928799
-928713
-928670
-928503
-928473
-928324
-928250
-927931
-927927
-927876
-927864
-927224
-927089
-926757
-926567
-925977
-925801
-925370
-925194
-924933
-924850
-924815
-924813
-924693
-924470
-924449
-924277
-924137
-924016
-923928
-923449
-923174
-922964
-922857
-922656
-922251
-922180
-921772
-921635
-921389
-921191
-921150
-920453
-920373
-920348
-920184
-919614
-919611
-918932
-918930
-918634
-918199
-918098
-917855
-917786
-917570
-917569
-917563
-917468
-917315
-917177
-916984
-916631
-916484
-916374
-916315
-916296
-916236
-916009
-915960
-915366
-915204
-914843
-914654
-914598
-914157
-914073
-913935
-913902
-913863
-913712
-913424
-913325
-913266
-913094
-912814
-912759
-912688
-912464
-912251
-912045
-911847
-911506
-911477
-911087
-911078
-911022
-910884
-910810
-910700
-910585
-910564
-910238
-909780
-909638
-909552
-909383
-909248
-909091
-909071
-908333
-908258
-908134
-908108
-907903
-907877
-907846
-907574
-907521
-907521
-907205
-907139
-907030
-906743
-906652
-906648
-906258
-906221
-905053
-904801
-904183
-904058
-903966
-903286
-903259
-903073
-902805
-902734
-902667
-902664
-902599
-902466
-901822
-901691
-901547
-901081
-900555
-900535
-900383
-900156
-899862
-899842
-899167
-898956
-898348
-898279
-898016
-897768
-897323
-896947
-896464
-896373
-896138
-896062
-895721
-895582
-895245
-895003
-894732
-894290
-893776
-893645
-893621
-893582
-893447
-893445
-893423
-893317
-893272
-893255
-893150
-893047
-892982
-892688
-892564
-892141
-891961
-891806
-891583
-891353
-891336
-891223
-891120
-890925
-890872
-890765
-890422
-890409
-890363
-890292
-889507
-889406
-889400
-889259
-889181
-888794
-888724
-888074
-888006
-887524
-887435
-887032
-886704
-886620
-886057
-885814
-885779
-885714
-885633
-885387
-885276
-885186
-884890
-884711
-884578
-884245
-884244
-884172
-884023
-883966
-883860
-883585
-883417
-883093
-882922
-882878
-882009
-881877
-881690
-881479
-881042
-880948
-880534
-880076
-879961
-879709
-879551
-879550
-879511
-879510
-879127
-879075
-878926
-878854
-878582
-878193
-877578
-876818
-876760
-876490
-876489
-876454
-876434
-876395
-876292
-875848
-875564
-875535
-875173
-874412
-874326
-873790
-873747
-873731
-873628
-873566
-873114
-873038
-872932
-872674
-872636
-872219
-871957
-871796
-871740
-871694
-871413
-871209
-871076
-870324
-870248
-870189
-870177
-869807
-869615
-869497
-869249
-869164
-868740
-868725
-868562
-868548
-868273
-868076
-867901
-867629
-867551
-867292
-867210
-866981
-866699
-866442
-866265
-866123
-866002
-865993
-865849
-865706
-865642
-865523
-865458
-865433
-865360
-865358
-865206
-864973
-864951
-864382
-864096
-863989
-863789
-863616
-863546
-863496
-863090
-862842
-862823
-862477
-862354
-862307
-862254
-862077
-861951
-861653
-861505
-861261
-861103
-860532
-860474
-860186
-859763
-859691
-859560
-859510
-859065
-858864
-858769
-858682
-858309
-858271
-858221
-858042
-857873
-857680
-857411
-857229
-856974
-856924
-856883
-856602
-856573
-856495
-856427
-856292
-856077
-855857
-855669
-855423
-855152
-855068
-854654
-854554
-854551
-854455
-854453
-854436
-854157
-854149
-853747
-853737
-853257
-853194
-853193
-853090
-853084
-853042
-852831
-852808
-852753
-852701
-852309
-851654
-851531
-851317
-850865
-850580
-850340
-850233
-850032
-849940
-849799
-849582
-849442
-849134
-849122
-849044
-849010
-848984
-848973
-848612
-848181
-848087
-847930
-847902
-847712
-847655
-847489
-847395
-847392
-846948
-846860
-846847
-846640
-846542
-846430
-846406
-846332
-846085
-846060
-845512
-845224
-845221
-844829
-844656
-844513
-844464
-844283
-844168
-843841
-843799
-843696
-843675
-843567
-843062
-842956
-842816
-842638
-842407
-841997
-841563
-841252
-841192
-840830
-840767
-840745
-840662
-840642
-840570
-840000
-839362
-839212
-838948
-838777
-838292
-838244
-838111
-837914
-837816
-837617
-836969
-836288
-836286
-836219
-836131
-835716
-835666
-835624
-835319
-835039
-834862
-834667
-834658
-834640
-834497
-834471
-833950
-833181
-833026
-832881
-832803
-832758
-832427
-831978
-831975
-831767
-831675
-831612
-831282
-831271
-831198
-830733
-830717
-830690
-830531
-830454
-829847
-829677
-829552
-829531
-829316
-829135
-829025
-828575
-828558
-828490
-828260
-828109
-828077
-828050
-827817
-827746
-827584
-827498
-827212
-827093
-826919
-825973
-825856
-825782
-825579
-825369
-825316
-825120
-825119
-824795
-824385
-824382
-824339
-824287
-824137
-823993
-823970
-823938
-823605
-823588
-823170
-822899
-822666
-822412
-822324
-821958
-821799
-820985
-820639
-818877
-818493
-818458
-818096
-818007
-817244
-816935
-816689
-816663
-816599
-816506
-816389
-816008
-815935
-815872
-815524
-815427
-815275
-815256
-814814
-814738
-814687
-814651
-814497
-814106
-813940
-813898
-813795
-813694
-813577
-813499
-813285
-813214
-813192
-813171
-812846
-812604
-812506
-812469
-812212
-811425
-811090
-811051
-811003
-810898
-810682
-810480
-810462
-810039
-809914
-809765
-808825
-808815
-808463
-808387
-808174
-807923
-807741
-807620
-807562
-807514
-807423
-807138
-807012
-806484
-806312
-806299
-806170
-805943
-805858
-805694
-805172
-805153
-805050
-804929
-804447
-804176
-803973
-803611
-802537
-802383
-802115
-802015
-801759
-801732
-801522
-801462
-800981
-800697
-800612
-800473
-800400
-799892
-799726
-799165
-799164
-799158
-799136
-799129
-798975
-798679
-798386
-798348
-797978
-797906
-797804
-796914
-796774
-796610
-796397
-796096
-795918
-795880
-795741
-795600
-795529
-795228
-795148
-794940
-794896
-794836
-794802
-794322
-794132
-793617
-793569
-793283
-793039
-792884
-792679
-792511
-792479
-792359
-792348
-792182
-791940
-791886
-791643
-791490
-791394
-791342
-791337
-791086
-790666
-790369
-790168
-789907
-789841
-789806
-789716
-789507
-789385
-788896
-788825
-788781
-788757
-788757
-788719
-788711
-788597
-788143
-787667
-787365
-787274
-787111
-787052
-787001
-786919
-786855
-786814
-786425
-786005
-785912
-785780
-785151
-785021
-784993
-784894
-784505
-784210
-783579
-783535
-783476
-783011
-782909
-782733
-782689
-782185
-782161
-782157
-781909
-781498
-781244
-781080
-780966
-780962
-780953
-780673
-780673
-780553
-780544
-779329
-779241
-779233
-779175
-779115
-778929
-778906
-778605
-778183
-777494
-777300
-777095
-777017
-776936
-776917
-776657
-776067
-775984
-775694
-775175
-774848
-774209
-773782
-773754
-773633
-773605
-773507
-772762
-772572
-772532
-772399
-772388
-772334
-772311
-772186
-771897
-771568
-771306
-771196
-771131
-771114
-770926
-770583
-770551
-770009
-769076
-768897
-768599
-767861
-767725
-767597
-767368
-766981
-766616
-766512
-766233
-766149
-765914
-765912
-765838
-764874
-764851
-764574
-764560
-764423
-764294
-764269
-763770
-763752
-763584
-763566
-763394
-763351
-763138
-762915
-762851
-762486
-762322
-762231
-760887
-760790
-760479
-760149
-760099
-760033
-760033
-759972
-759826
-759652
-759423
-758666
-758572
-758041
-758040
-757484
-757454
-757374
-757284
-757134
-757033
-756941
-756737
-756589
-756452
-756066
-755751
-755429
-755223
-755160
-755154
-755154
-755099
-755063
-754675
-754430
-754041
-753678
-753607
-753158
-752471
-752465
-752346
-752273
-752263
-751786
-751759
-751303
-751138
-751030
-751001
-750995
-750871
-750569
-750428
-749911
-749864
-749372
-749206
-748971
-748948
-748799
-748797
-748644
-748241
-748093
-748051
-748038
-748023
-746955
-746569
-746561
-745563
-745516
-745453
-745308
-745156
-745113
-744796
-744726
-743875
-743715
-743673
-743642
-743572
-743374
-742990
-742689
-742276
-742186
-742128
-741977
-741678
-741583
-741486
-741476
-741350
-740605
-740544
-740462
-740447
-740112
-739895
-739623
-739527
-739309
-738859
-738784
-738674
-738541
-738277
-738167
-738097
-737810
-737772
-737394
-737263
-737026
-736613
-736508
-736121
-736038
-735515
-735393
-735220
-734963
-734919
-734798
-734739
-734670
-734592
-734368
-733977
-733788
-733591
-733465
-733120
-733097
-732724
-732346
-732247
-732038
-731354
-730847
-730823
-730682
-730601
-730581
-730570
-730521
-730310
-730067
-729995
-729889
-729763
-729572
-729392
-729268
-728772
-728679
-728250
-728175
-728129
-727796
-727796
-727348
-726877
-726327
-725733
-725719
-725574
-725525
-725521
-725231
-724823
-724669
-724402
-723933
-723879
-723616
-723057
-722954
-722894
-722494
-722300
-721865
-721674
-721331
-721050
-721029
-720772
-720764
-719950
-719801
-719783
-719643
-719434
-719396
-719277
-718982
-718595
-718302
-718182
-718144
-718122
-718088
-717231
-717156
-717128
-716923
-716817
-716785
-716664
-716606
-716255
-716079
-715807
-715768
-715318
-715105
-714865
-714839
-714789
-714707
-714678
-714450
-714444
-714421
-714397
-714380
-714360
-714209
-714010
-713852
-713852
-713844
-713651
-713645
-713238
-713220
-713206
-712856
-712855
-712717
-712628
-712417
-712293
-712134
-711963
-711803
-711714
-711403
-711236
-710973
-710878
-710846
-710730
-710421
-710188
-710075
-709949
-709727
-709202
-709057
-708151
-708102
-707530
-707482
-707431
-707420
-706933
-706895
-706557
-706492
-705749
-705571
-705532
-705347
-705021
-703946
-703802
-703697
-703239
-702998
-702807
-702711
-702684
-702681
-702522
-702402
-702320
-702285
-702259
-702049
-702048
-702034
-701957
-701729
-701661
-701620
-701547
-701330
-701282
-701209
-700951
-700404
-700345
-700211
-700152
-700117
-700009
-699953
-699839
-699572
-699542
-699458
-699384
-699311
-699293
-699019
-698525
-698368
-698290
-698192
-697524
-697174
-697140
-697118
-696925
-696866
-696822
-696610
-696478
-695877
-695840
-695668
-695217
-695164
-694823
-694393
-694207
-694114
-694111
-694106
-693735
-693596
-693190
-693153
-693075
-692840
-692773
-692734
-692668
-692570
-692267
-692230
-692111
-692056
-691951
-691674
-691578
-691505
-691400
-691186
-691120
-691097
-690711
-690600
-690562
-690394
-690336
-689856
-689675
-689584
-689244
-689180
-689069
-688864
-688329
-687275
-687172
-687022
-686629
-686306
-686280
-686027
-685972
-685729
-685575
-685531
-685440
-685368
-685298
-684204
-684038
-683961
-683818
-683800
-683701
-683352
-683268
-683245
-683228
-683134
-683092
-683049
-682699
-682613
-682163
-681855
-681833
-681833
-681804
-681686
-681463
-681195
-681128
-680978
-680833
-680598
-680587
-680538
-680081
-679719
-679143
-678794
-678747
-678467
-678127
-678055
-677946
-677864
-677786
-677731
-677506
-677166
-676955
-676937
-676582
-675976
-675955
-675462
-675087
-674940
-674658
-674601
-674441
-674344
-674222
-674129
-673815
-673448
-673356
-673222
-672888
-672820
-672736
-672689
-672660
-671908
-671462
-671308
-671213
-671058
-670914
-670684
-670347
-670043
-669940
-669923
-669775
-669730
-669712
-669369
-669277
-669232
-669197
-668825
-668724
-668386
-668319
-668286
-667900
-667536
-667418
-667239
-667143
-666421
-666379
-665930
-665866
-665853
-665764
-665732
-665064
-664893
-664696
-664507
-664477
-664223
-664165
-663721
-663603
-663431
-663427
-663422
-663283
-663237
-662757
-662552
-662142
-662082
-661502
-661431
-661298
-661237
-660717
-660537
-660083
-659886
-659696
-659609
-659597
-659375
-658849
-658808
-658775
-658747
-658385
-658381
-658130
-658121
-658020
-657343
-657184
-656978
-656850
-656506
-656374
-656345
-656278
-656192
-656020
-656014
-655706
-655685
-655074
-655018
-654780
-654760
-654219
-654213
-653754
-653636
-653527
-653423
-653408
-653355
-653009
-652856
-652801
-652782
-652198
-652197
-652156
-651675
-651095
-651054
-650977
-650473
-650195
-649928
-649386
-649324
-648634
-648442
-648388
-648160
-647995
-647356
-647343
-647208
-646929
-646678
-646628
-646451
-645970
-645845
-645400
-645056
-644456
-644403
-644299
-644274
-643945
-643480
-643411
-642970
-642708
-642210
-642164
-641942
-641685
-641668
-640960
-640676
-640296
-640257
-640248
-640180
-639967
-639950
-639906
-639824
-639349
-639121
-638965
-638895
-638840
-638616
-638369
-638368
-638109
-637913
-637220
-636869
-636837
-636569
-636361
-636254
-636238
-636129
-635956
-635946
-635468
-635330
-635037
-634990
-634828
-634783
-634695
-634373
-634360
-633755
-633506
-633210
-633067
-633047
-633040
-632687
-632279
-631986
-631696
-631385
-630971
-630838
-630568
-630513
-630280
-629958
-629789
-629717
-629238
-629104
-628896
-628629
-628307
-628180
-628175
-628019
-627918
-627857
-627637
-627602
-627275
-626832
-626674
-626447
-626442
-626437
-626390
-626212
-626168
-626052
-626008
-625913
-625602
-625548
-625376
-625336
-625277
-625080
-624730
-624638
-624460
-624457
-624323
-624271
-624230
-623951
-623897
-623763
-623745
-623405
-623211
-623204
-622910
-622816
-622710
-622566
-622550
-622528
-622382
-621906
-621802
-621166
-621150
-621150
-620895
-620791
-620696
-620644
-620271
-620194
-620135
-619851
-619794
-619650
-619475
-619387
-619210
-619197
-619135
-619011
-618935
-618788
-618578
-618071
-617898
-617706
-617539
-616653
-616638
-616420
-615819
-615806
-614905
-614888
-614858
-614804
-614379
-614067
-613958
-613904
-613804
-613759
-613731
-613488
-613179
-613156
-613063
-612788
-612755
-612600
-612387
-612269
-611638
-610994
-610969
-610943
-610878
-609746
-609640
-609447
-609431
-609142
-608865
-608856
-608749
-608449
-608239
-608060
-607914
-607294
-607061
-606606
-606222
-606159
-606039
-605992
-605987
-605837
-605751
-605737
-605612
-605554
-605545
-605520
-605339
-604989
-604747
-604724
-604534
-604498
-604432
-604109
-603950
-603587
-603535
-603531
-603479
-603466
-603116
-602725
-602124
-602098
-602071
-601486
-600988
-600844
-600711
-600677
-600552
-600439
-600268
-600122
-599759
-599565
-599339
-599204
-598635
-598248
-598078
-598048
-597915
-597271
-597263
-597106
-597038
-596747
-596596
-596321
-596290
-596181
-596157
-596102
-595931
-595737
-595663
-595495
-595054
-594774
-594734
-594687
-594602
-594387
-594312
-593239
-592341
-592057
-592014
-591595
-591590
-591569
-591555
-591211
-591029
-590804
-590151
-590041
-589330
-589246
-589225
-589033
-588296
-587910
-587586
-587464
-587407
-587219
-587167
-587114
-586801
-586355
-586151
-585846
-585699
-585622
-585575
-585492
-585432
-584816
-584812
-584714
-584167
-584155
-584076
-583856
-583844
-583584
-583582
-583504
-583121
-582834
-582825
-582666
-582505
-582267
-582199
-582118
-582098
-581735
-581314
-581223
-581197
-580822
-580781
-580686
-580589
-580350
-579943
-579931
-579913
-579837
-579820
-579695
-579547
-579117
-579112
-579109
-578637
-578296
-577478
-576920
-576800
-576562
-576346
-575863
-575711
-575246
-575086
-574766
-574692
-574659
-574318
-574162
-573955
-573818
-573744
-573731
-573548
-572880
-572743
-572628
-572571
-572470
-572130
-571917
-571533
-571432
-571321
-571304
-571059
-570512
-570208
-570049
-569785
-569655
-569493
-569312
-569190
-568947
-568791
-568464
-568390
-567564
-567252
-566837
-566835
-566823
-566614
-566154
-566054
-565503
-565283
-565209
-565081
-564991
-564604
-564355
-563721
-563697
-563574
-563496
-563371
-562894
-562698
-562266
-561999
-561618
-561393
-561153
-560946
-560597
-560521
-560395
-560178
-559803
-559659
-559606
-559495
-559220
-559070
-558664
-558606
-558046
-557922
-557632
-557605
-557408
-557134
-556811
-556703
-556510
-556357
-555919
-555709
-555197
-555153
-555120
-554363
-554353
-554337
-554196
-554136
-553919
-553754
-553569
-553376
-553334
-553223
-553150
-553135
-553072
-553016
-552919
-552830
-552643
-552579
-552508
-552120
-551943
-551707
-550934
-550684
-550312
-550099
-549264
-548638
-548289
-547026
-547024
-546962
-546853
-546789
-546743
-546346
-546023
-545634
-545386
-545119
-544797
-544587
-544454
-544028
-543945
-543850
-543312
-543302
-542835
-542831
-542731
-542710
-542698
-542473
-542289
-542269
-542110
-542052
-541979
-541819
-541808
-541550
-541476
-541402
-541389
-541338
-541254
-541063
-540422
-540326
-540236
-540202
-540201
-540145
-540119
-539689
-539550
-539461
-539354
-539162
-539095
-538339
-538166
-538107
-537902
-537744
-537042
-536421
-536385
-536347
-535580
-535519
-535456
-535221
-534747
-534404
-534390
-534043
-533997
-533238
-533138
-533063
-532731
-532722
-532639
-532516
-532295
-532226
-532178
-532119
-531990
-531799
-531677
-531544
-531143
-530903
-530780
-530559
-530447
-530237
-530211
-530194
-529904
-529902
-529768
-529446
-529439
-529166
-529100
-528948
-528555
-528542
-528178
-528021
-527766
-527089
-526882
-526072
-525912
-525725
-525693
-525555
-525425
-525337
-525314
-525275
-524630
-524629
-524622
-524585
-524561
-524280
-524060
-524007
-523514
-523217
-522905
-522330
-521618
-521508
-521343
-520726
-520645
-520503
-520464
-520290
-520165
-519860
-519332
-519273
-518827
-518390
-518060
-517883
-517597
-517053
-516914
-516840
-516711
-515303
-514392
-514241
-514205
-513615
-513456
-513402
-513212
-512913
-512787
-512324
-511509
-511402
-511192
-511152
-511078
-510722
-510700
-510456
-510398
-510292
-510235
-509774
-509498
-509450
-509428
-509246
-509035
-508986
-508645
-508059
-508011
-507989
-507888
-507855
-507770
-507535
-507063
-507040
-506986
-506831
-506749
-506689
-506219
-506135
-505826
-505825
-505721
-505257
-505000
-504878
-504838
-504834
-504618
-504422
-504200
-504076
-503625
-503420
-503350
-503120
-502978
-502805
-502489
-502049
-501882
-501667
-501515
-501206
-500463
-500323
-500233
-499825
-499584
-499488
-499344
-499198
-499115
-499032
-498476
-498317
-498271
-497706
-497680
-497575
-497263
-496257
-495777
-495724
-495410
-495330
-495305
-495046
-494648
-494522
-494440
-494333
-494098
-494003
-493749
-493113
-492758
-491033
-490799
-490670
-490013
-489483
-489263
-489039
-488913
-488896
-488711
-488539
-488456
-488248
-487791
-487502
-487487
-487345
-487228
-487073
-486614
-486430
-486211
-486029
-485995
-485959
-485832
-485680
-485630
-485552
-485482
-485400
-485056
-484577
-484567
-484551
-484386
-484333
-483732
-483659
-483221
-482999
-482455
-482408
-481878
-481497
-481354
-480891
-480785
-480738
-480676
-480451
-480311
-479729
-479460
-479208
-479108
-478873
-478407
-478330
-478320
-478223
-478216
-477951
-477913
-477848
-477804
-477712
-477386
-477369
-477331
-477274
-477137
-477048
-476868
-476736
-476734
-476427
-476077
-475893
-475844
-475394
-475322
-474900
-474651
-474288
-474276
-474197
-474072
-473455
-473039
-473024
-472917
-472801
-472727
-472715
-472637
-472340
-472258
-472134
-471636
-471067
-470949
-470794
-470716
-470385
-470106
-469964
-469932
-469781
-469362
-469189
-469152
-468422
-468381
-468310
-468283
-468002
-467616
-467309
-467144
-467124
-466991
-466976
-466618
-466430
-466024
-465926
-465807
-465286
-465188
-465109
-464449
-464347
-464203
-464169
-464036
-464000
-463973
-463854
-463652
-463366
-463361
-463161
-463087
-462992
-462434
-462287
-462180
-461546
-461503
-460895
-460567
-460502
-460371
-459871
-459800
-459776
-459585
-459551
-459484
-459440
-459219
-459033
-459014
-458657
-458526
-458366
-457879
-456913
-456447
-456445
-456374
-456316
-456119
-455422
-454675
-454606
-454338
-454070
-453954
-453920
-453815
-453528
-453372
-453067
-453066
-452562
-452533
-452521
-452400
-452396
-452393
-452277
-451996
-451607
-451332
-451305
-450643
-450434
-450195
-450155
-449464
-449449
-449252
-448572
-448141
-447937
-447932
-447883
-447744
-447308
-446767
-446296
-446248
-446191
-446035
-445569
-445562
-445545
-445193
-444809
-444768
-444699
-444374
-444168
-444087
-443951
-443841
-443833
-443805
-443411
-443129
-443043
-443024
-442843
-441736
-441666
-441602
-441538
-441402
-441251
-441043
-440738
-440663
-440609
-440457
-440359
-440296
-440064
-439286
-439215
-439179
-439159
-439152
-439126
-439036
-439033
-438862
-438714
-438327
-438284
-438082
-438045
-437966
-437775
-437690
-437619
-437591
-437359
-437120
-437081
-436951
-436776
-436774
-436495
-436354
-435922
-435828
-434683
-434557
-434286
-434173
-433981
-433829
-433131
-432851
-432824
-432793
-432387
-432101
-432100
-431546
-431529
-431340
-431219
-431093
-430951
-430709
-430671
-430498
-430338
-429955
-429914
-429627
-429266
-428528
-428289
-428122
-427989
-427920
-427627
-427610
-427478
-427279
-426684
-426474
-425886
-425792
-425465
-425429
-425130
-425010
-424781
-424252
-424178
-423814
-423710
-423670
-423572
-423352
-423336
-423253
-423250
-422954
-422903
-422800
-422538
-421991
-421898
-421210
-420915
-420825
-420765
-420483
-420100
-420062
-420051
-419946
-419938
-419770
-419738
-419110
-419094
-418899
-418890
-418699
-418336
-418328
-418028
-417905
-417898
-417483
-416522
-416402
-416292
-416261
-416204
-416191
-416111
-415762
-415651
-415605
-415493
-415440
-415370
-415115
-414232
-413953
-413854
-413713
-413599
-413196
-412980
-412731
-412375
-412118
-412051
-411935
-411778
-411021
-410900
-410738
-410624
-410549
-410269
-410047
-409741
-409483
-409391
-409363
-409203
-409174
-409109
-408590
-408374
-408357
-408323
-408112
-408039
-407789
-407340
-407169
-406994
-406866
-406481
-406268
-406113
-406111
-405878
-405865
-405239
-405075
-405068
-405027
-404665
-404634
-404543
-404086
-403496
-403234
-403140
-403071
-402748
-402501
-402172
-401755
-401710
-401655
-401556
-401522
-401313
-401183
-400964
-400944
-400717
-400592
-400201
-399805
-399745
-399677
-398756
-397605
-397429
-396958
-396858
-396606
-396482
-396176
-396078
-395761
-395544
-395409
-394591
-394488
-394300
-394209
-394187
-393944
-393891
-393873
-393850
-393826
-393756
-393247
-393128
-392961
-392896
-392870
-392846
-392816
-392594
-392263
-392222
-391896
-391836
-391524
-391302
-391269
-391173
-391096
-390962
-390854
-390593
-390179
-389962
-389090
-388797
-388627
-388285
-387980
-387774
-387726
-387622
-387274
-387218
-386680
-386550
-386544
-386354
-386219
-385718
-385571
-385491
-385485
-385466
-385317
-385251
-385003
-384967
-384732
-384679
-384414
-384308
-384115
-384025
-383796
-383593
-383405
-383389
-383119
-383091
-382923
-382798
-382732
-382595
-382334
-382303
-381969
-381850
-381667
-381615
-381409
-380830
-380625
-380601
-380445
-380415
-379838
-379241
-379135
-378920
-378743
-378632
-378551
-378402
-378218
-377873
-377647
-377602
-376854
-376798
-376648
-376611
-376560
-376267
-376103
-375737
-375710
-375695
-375401
-375395
-375253
-375192
-375093
-374852
-374757
-374611
-374576
-374060
-373955
-373927
-373871
-373815
-373732
-373474
-373425
-373356
-373327
-373191
-373190
-372824
-372513
-372328
-372320
-372310
-372006
-371829
-371824
-371703
-371477
-371451
-371219
-371168
-370575
-370440
-370364
-370356
-369918
-369237
-369111
-368777
-368698
-368675
-368612
-368400
-368134
-368117
-367947
-367648
-367427
-366951
-366752
-366550
-366468
-366429
-366358
-366292
-366275
-366251
-366134
-365824
-365762
-365255
-365123
-365050
-365027
-364857
-364656
-364560
-363881
-363848
-363772
-363294
-363210
-363149
-362402
-362315
-361585
-361443
-361400
-361370
-361314
-361245
-360919
-360456
-359647
-359317
-359269
-359080
-358921
-358636
-358533
-358251
-358228
-358098
-358019
-358006
-357961
-357719
-357647
-357356
-357154
-357139
-357126
-357054
-356963
-356861
-356588
-355962
-355880
-355863
-355842
-355816
-355792
-355588
-355572
-355518
-355499
-354390
-354222
-353843
-353821
-353650
-353604
-353556
-353450
-352331
-351897
-351720
-351706
-351630
-351226
-351176
-351149
-350927
-350887
-350870
-350673
-350659
-350584
-350432
-350337
-350307
-350233
-350089
-349667
-349631
-349369
-349353
-349272
-349269
-349254
-349118
-349008
-348834
-348705
-348327
-348154
-348146
-348143
-348023
-347529
-347300
-347214
-347041
-346885
-346772
-346766
-346569
-346470
-346296
-346163
-345968
-345828
-345565
-344948
-344567
-344526
-344492
-344283
-344176
-344144
-344027
-343945
-343411
-343369
-342697
-342421
-342320
-341926
-341844
-341831
-341492
-341342
-341319
-341120
-340945
-340506
-340480
-340351
-339753
-339750
-339717
-339645
-339599
-339483
-339438
-339111
-338698
-338556
-338483
-338146
-338124
-337794
-337749
-337698
-337606
-337572
-337538
-337417
-336971
-336828
-336791
-336605
-336421
-336387
-335328
-335211
-335100
-334893
-334742
-334723
-334413
-334214
-334050
-334010
-333885
-333802
-332805
-332670
-332639
-332588
-332337
-332244
-331820
-331476
-331366
-330910
-330814
-330776
-330591
-330512
-330358
-330123
-330073
-330055
-329824
-329500
-329471
-329286
-328935
-328853
-328776
-328727
-328722
-328489
-328102
-327885
-327771
-327628
-327555
-327526
-327443
-327391
-327361
-327225
-327200
-326931
-326504
-326448
-326047
-325938
-325493
-325301
-325284
-325278
-325247
-325029
-324992
-324642
-324609
-324423
-324097
-323947
-323898
-323630
-323493
-323466
-323348
-322857
-322783
-322731
-322692
-322379
-321701
-321424
-321218
-321017
-320420
-320416
-319961
-319630
-319582
-319303
-319056
-319014
-318987
-318806
-318713
-318259
-318078
-318019
-317643
-317234
-317220
-317096
-316665
-316487
-316274
-316231
-315928
-315855
-315268
-315235
-314984
-314975
-314472
-313461
-313224
-313038
-312891
-312857
-312841
-312484
-312432
-311928
-311475
-310536
-310269
-310114
-309877
-309822
-309813
-309652
-309425
-309414
-308970
-308963
-308914
-308604
-308547
-308219
-308097
-308009
-307910
-307705
-307631
-307305
-307136
-307113
-307057
-306184
-306046
-305614
-305487
-305393
-305212
-305092
-304368
-304252
-304158
-303924
-303582
-303364
-303216
-302694
-302413
-302325
-302305
-301897
-301709
-301637
-301591
-301589
-301506
-300817
-300654
-300522
-300231
-300135
-300057
-299547
-299494
-299415
-299276
-298868
-298568
-297992
-297945
-297941
-297719
-297630
-297309
-297276
-297233
-297118
-296989
-296855
-296345
-296147
-295933
-295718
-295430
-294725
-294536
-294363
-294362
-294136
-294011
-293210
-293188
-293009
-292990
-292684
-292506
-292237
-292212
-292201
-291851
-291836
-291772
-291375
-291373
-291360
-291279
-291162
-290866
-290846
-290833
-290553
-290413
-290314
-289972
-289960
-289830
-289356
-289100
-288229
-288182
-288053
-287845
-287257
-287227
-287021
-286844
-286822
-286657
-286582
-286523
-286171
-285855
-285807
-285469
-285036
-285000
-284435
-284140
-284014
-283986
-283971
-283928
-283866
-283861
-283795
-282643
-282602
-282512
-282500
-282355
-282350
-282309
-282143
-282065
-281970
-281676
-281576
-281468
-281092
-280747
-280673
-280633
-280269
-280043
-279885
-279707
-279649
-279222
-279085
-279026
-278837
-278730
-278452
-278316
-278278
-278116
-278114
-277952
-277800
-277629
-277617
-277551
-277529
-277520
-277347
-277201
-277150
-277093
-277018
-277012
-276995
-276915
-276891
-276766
-276712
-276458
-276379
-276328
-276157
-276126
-275611
-275155
-274499
-274404
-274330
-274205
-274176
-273999
-273859
-273657
-273603
-273174
-273096
-273026
-272755
-272724
-272616
-272062
-271931
-271889
-271794
-271708
-271531
-271475
-271329
-271156
-271089
-270441
-269553
-269470
-269171
-269095
-269036
-268723
-268287
-268096
-267765
-267571
-267382
-267207
-267134
-267116
-266968
-266739
-266514
-266474
-265190
-265101
-265000
-264906
-264527
-264308
-264196
-264181
-264088
-264011
-263740
-263392
-263150
-263081
-262923
-262883
-262686
-262548
-262418
-262384
-262075
-261830
-261810
-261481
-261466
-261385
-261181
-260847
-260540
-260219
-260083
-259897
-259658
-258682
-258489
-257906
-257575
-257411
-256853
-256745
-256711
-256119
-255906
-255740
-254876
-254570
-254282
-254162
-253559
-253447
-253362
-252991
-252950
-252341
-252333
-252152
-252101
-251992
-251700
-251644
-251607
-251521
-251304
-250550
-250423
-250233
-250181
-250089
-250031
-249935
-249721
-249521
-249492
-249492
-249132
-249083
-248930
-248418
-247933
-247869
-247537
-247338
-246898
-246707
-246393
-246294
-246185
-245798
-245506
-244790
-244545
-244491
-244454
-244021
-243998
-243775
-243761
-243607
-243373
-243305
-243207
-243163
-243162
-243028
-242441
-242350
-242123
-242061
-242015
-241980
-241619
-241033
-240935
-240874
-240470
-240407
-240359
-240103
-239361
-238842
-238706
-238695
-238471
-238336
-238221
-237909
-237853
-237800
-237764
-237757
-237636
-237352
-237176
-237154
-236452
-236428
-236292
-236193
-236181
-235850
-235630
-235577
-235154
-235136
-234984
-234652
-234641
-234595
-234429
-234398
-234188
-233987
-233960
-233846
-233346
-232625
-232473
-232432
-232347
-232203
-232169
-232085
-231787
-231716
-231596
-231589
-231265
-231264
-231234
-231026
-231024
-230978
-230923
-230907
-230894
-230818
-230802
-230720
-230688
-230248
-230174
-230121
-230060
-229962
-229850
-229613
-229283
-228888
-228821
-228469
-228438
-228175
-228150
-227546
-227497
-227427
-227344
-227085
-226982
-226779
-226505
-226287
-226243
-226242
-225986
-225761
-225590
-225570
-225066
-224723
-224510
-224427
-223975
-223970
-223662
-223321
-223089
-222972
-222866
-222618
-222614
-222166
-222157
-222120
-221968
-221748
-221742
-221710
-221550
-220976
-220910
-220778
-220769
-220626
-220532
-220392
-220381
-220089
-219958
-219738
-219683
-219656
-219513
-219439
-219338
-219226
-218628
-218360
-218267
-218031
-217400
-217193
-216890
-216889
-216853
-216796
-216725
-216672
-216628
-216402
-215999
-215972
-215819
-215151
-214833
-214789
-214786
-214477
-214371
-214006
-213575
-213379
-213202
-213155
-212639
-212451
-211930
-211860
-211707
-211621
-211421
-211321
-211251
-211144
-210666
-209968
-209912
-209880
-209796
-209741
-209378
-209371
-209290
-209140
-208881
-208676
-208609
-208604
-208427
-207943
-207806
-207776
-207761
-207650
-207565
-207553
-207506
-207339
-207231
-207016
-207010
-206635
-206592
-206254
-206221
-206050
-205575
-205095
-204748
-204576
-204406
-204322
-204190
-204081
-204068
-203123
-202943
-202877
-202653
-202527
-202492
-202489
-201918
-201832
-200840
-200635
-200403
-200322
-199871
-199397
-199354
-199220
-199170
-198880
-198788
-198743
-198377
-197998
-197927
-197828
-197297
-196931
-196904
-196798
-196659
-196638
-196601
-196423
-196370
-196153
-196073
-195927
-195802
-195743
-195624
-195214
-195084
-194924
-194738
-194533
-194002
-193907
-193805
-193762
-193715
-193028
-192669
-192424
-192366
-192285
-191527
-191232
-191203
-190500
-190302
-190264
-190059
-189568
-189549
-189385
-189239
-188829
-188512
-187977
-187513
-187366
-187305
-187068
-186947
-186651
-186472
-186110
-185987
-185701
-185691
-185664
-185248
-185086
-185063
-185055
-184675
-184491
-184310
-184051
-183746
-183408
-183406
-183365
-182689
-182450
-182450
-182367
-182103
-181738
-181526
-181008
-180695
-180394
-180354
-180107
-179749
-179693
-179646
-179590
-178923
-178806
-178498
-178189
-177313
-177216
-176769
-176465
-176300
-176144
-175823
-175633
-175627
-175604
-175462
-175118
-175040
-174880
-174852
-174834
-174270
-174154
-174023
-173879
-173848
-173587
-173421
-173394
-173283
-173255
-173140
-172383
-172222
-171751
-171504
-170866
-170819
-170416
-170204
-169843
-169708
-169003
-168959
-168785
-168784
-168178
-168161
-167774
-167768
-167656
-167542
-167422
-167145
-167080
-167020
-166892
-166735
-166193
-165961
-165750
-165663
-165652
-165568
-165541
-165314
-165280
-165242
-165238
-165211
-165140
-165062
-164233
-164185
-163866
-163264
-163024
-162913
-162735
-162228
-162195
-162003
-161877
-161743
-161622
-161587
-161269
-160826
-160794
-160700
-160561
-160255
-160219
-159759
-159385
-159340
-159246
-159130
-158206
-158155
-158125
-158120
-157821
-157703
-157697
-157659
-157390
-157384
-156769
-156720
-156675
-156536
-156430
-156404
-156355
-156323
-156212
-155998
-155649
-155378
-155233
-155139
-155077
-154993
-154885
-154864
-154786
-154632
-154607
-154545
-154534
-154418
-153913
-153770
-153454
-153317
-153054
-152129
-152120
-151993
-151858
-151425
-151130
-151010
-150491
-150244
-149943
-149933
-149907
-149588
-149483
-149190
-149093
-148936
-148740
-148486
-148232
-147969
-147927
-147670
-146604
-146417
-146344
-146291
-146204
-146040
-145639
-145317
-145284
-145148
-145023
-144950
-144879
-144702
-144625
-144605
-144488
-144173
-143953
-143883
-143605
-143573
-143564
-143295
-143089
-143080
-142706
-142309
-142309
-142293
-142283
-142261
-142189
-142065
-142062
-142061
-141762
-141707
-141423
-141412
-141153
-141018
-140987
-140793
-140511
-140354
-140351
-140307
-140305
-139690
-139424
-139127
-139024
-138995
-138923
-138540
-138490
-138273
-137885
-137510
-137502
-137477
-137378
-136909
-136593
-136545
-136540
-136129
-135998
-135720
-135596
-134957
-134911
-133882
-133675
-133433
-133234
-133014
-132698
-132147
-131853
-131844
-131625
-131574
-131220
-131118
-131028
-131009
-130434
-130238
-130212
-130077
-129596
-129124
-128662
-128176
-127941
-127559
-127440
-127358
-127306
-127108
-127098
-126911
-126641
-126309
-126244
-126028
-126027
-125947
-125798
-125777
-125326
-124820
-124415
-124248
-124091
-124060
-123763
-123700
-123683
-123382
-122706
-122239
-122107
-122015
-122014
-121796
-121659
-121562
-121357
-121158
-120945
-120917
-120566
-120355
-120081
-119873
-119856
-119764
-119624
-119472
-119437
-119375
-119331
-119288
-119117
-119061
-119028
-119004
-118992
-118788
-118645
-118181
-117914
-117756
-117750
-117591
-117226
-116950
-116865
-116676
-116578
-116566
-116514
-116470
-116189
-115965
-115060
-114738
-114680
-114514
-114413
-114148
-114023
-113836
-113652
-113395
-113002
-112976
-112902
-112858
-112817
-112662
-111903
-111467
-111452
-111386
-111258
-111181
-110847
-110840
-110739
-110727
-110721
-110308
-110297
-110266
-110104
-110040
-109455
-109412
-109144
-108591
-108302
-107906
-107526
-106927
-106500
-106454
-106333
-106329
-106061
-106004
-105822
-105593
-105416
-105332
-105127
-104837
-104688
-103852
-103649
-103626
-103600
-103557
-103433
-103358
-103114
-103072
-103000
-102656
-102324
-101813
-101809
-101678
-100710
-100660
-100565
-99855
-99584
-99359
-99174
-98969
-98659
-98290
-98166
-98159
-97727
-97676
-97454
-97160
-97110
-96857
-96707
-96434
-96433
-96407
-96002
-95743
-95699
-95175
-94928
-94558
-94525
-94506
-94409
-93805
-93766
-93208
-93150
-92870
-92841
-92837
-92464
-92370
-92240
-91952
-91859
-91619
-91155
-90909
-90861
-90737
-90704
-90677
-90544
-90511
-89943
-89882
-89755
-89425
-89273
-89118
-88980
-88794
-88762
-87971
-87846
-87686
-87608
-87492
-87456
-87452
-87429
-86445
-86355
-85965
-85716
-85660
-85653
-85609
-85602
-85526
-85419
-84980
-84715
-84507
-84239
-84009
-83838
-83734
-83659
-83622
-83165
-83060
-82624
-82552
-82540
-82328
-82037
-82032
-81299
-81257
-81181
-81134
-80942
-80754
-80737
-80547
-80513
-80419
-80322
-80102
-79803
-79209
-79132
-79057
-78905
-78823
-78722
-78087
-78068
-78023
-77945
-77332
-76934
-76773
-76272
-76157
-75974
-75757
-75278
-75270
-75269
-74978
-74915
-74877
-74867
-74708
-74527
-74280
-73896
-73770
-73419
-73387
-73258
-73187
-72917
-72822
-72784
-72663
-72312
-72238
-72237
-72190
-72091
-72043
-72041
-72013
-71839
-71407
-71304
-71260
-70552
-70361
-70273
-70175
-70174
-69689
-69516
-69320
-69308
-69255
-68982
-68874
-68727
-68701
-68696
-68159
-68131
-68087
-67823
-67106
-67078
-67014
-66545
-66512
-66308
-66180
-66140
-66094
-66007
-65904
-65207
-65185
-64983
-64920
-64893
-64832
-64819
-64669
-64561
-64547
-64304
-63970
-63927
-63529
-63320
-63231
-63153
-63009
-62984
-62738
-62708
-62197
-62130
-62115
-62031
-61389
-61094
-60956
-60853
-60757
-60665
-60637
-60172
-59957
-58694
-58375
-58261
-58102
-58085
-57836
-57755
-57520
-57241
-56752
-56574
-56455
-56138
-55970
-55970
-55895
-55817
-55189
-54904
-54661
-54449
-54382
-53903
-53515
-53490
-53451
-53293
-52918
-52880
-52866
-52672
-52614
-52601
-52391
-51976
-51627
-51356
-51108
-50944
-50494
-50380
-50205
-50144
-50079
-49988
-49913
-49866
-49835
-49729
-49228
-49018
-48955
-48817
-48806
-48795
-48311
-48168
-48157
-48099
-47909
-47862
-47854
-47839
-47622
-47523
-47520
-47418
-46992
-46689
-46629
-46448
-46192
-45812
-45477
-45463
-45068
-44522
-44316
-44144
-44131
-44057
-43813
-43615
-43355
-43195
-42814
-42539
-42456
-42276
-42064
-42062
-42033
-41847
-41797
-41695
-41582
-41264
-41090
-41073
-41052
-40809
-40565
-40560
-40546
-40467
-40437
-40318
-40073
-39954
-39831
-39829
-39600
-39597
-39422
-39167
-39124
-38770
-38579
-38531
-38054
-37962
-37888
-37806
-37572
-37547
-37538
-37323
-37130
-36918
-36536
-36490
-36398
-36225
-36133
-35794
-35306
-35167
-34928
-34914
-34450
-34439
-33986
-33619
-33614
-33449
-33389
-33252
-33252
-32678
-32576
-32568
-32460
-32426
-31997
-31942
-31934
-31200
-31148
-31138
-31051
-30934
-30908
-30884
-30814
-30498
-30335
-30316
-30312
-30191
-30070
-30067
-30044
-29978
-29811
-29808
-29700
-29538
-29395
-29169
-29037
-28454
-28432
-28403
-28306
-28013
-27886
-27425
-27321
-27127
-26264
-26056
-25446
-24961
-24784
-24720
-24636
-24275
-24205
-24096
-23959
-23929
-23842
-23827
-23723
-22857
-22662
-22438
-22335
-22283
-22129
-22101
-21957
-21736
-21493
-21362
-21281
-21138
-21134
-21100
-20563
-20530
-20193
-20174
-20084
-19846
-19580
-19540
-19379
-19357
-18782
-18767
-18753
-18629
-17618
-16646
-16417
-16083
-15963
-15943
-15357
-15043
-14959
-14698
-14272
-14184
-14164
-14038
-13760
-13699
-13596
-13546
-13388
-13384
-13145
-13042
-12828
-12792
-12502
-12013
-11736
-11634
-11603
-11337
-11330
-10895
-10793
-10460
-10380
-9931
-9218
-9189
-9049
-8917
-8508
-8402
-8311
-8189
-8083
-7950
-7064
-7034
-6625
-6492
-6225
-6168
-6004
-5567
-5458
-5139
-5053
-4979
-4168
-4064
-3876
-3849
-3280
-3099
-2873
-2749
-2613
-2417
-2189
-1813
-1358
-1205
-1027
-593
-412
-49
-11
22
741
866
1005
1132
1221
1296
1375
1405
1417
1925
2146
2171
2198
2229
2306
2554
2600
2843
2928
3099
3325
3339
3373
3533
3576
3597
3665
3799
3876
3926
4010
4134
4193
4194
4408
4457
4471
4918
5034
5262
5566
5570
5973
6216
6303
6314
6552
6638
6870
7144
7218
7622
7639
8181
8431
8773
8899
9089
9135
9611
9690
9831
9851
10435
10570
11422
11664
11718
11768
11978
12375
12671
12797
13124
13556
13861
13898
13900
13965
14119
14128
14183
14837
14991
15023
15184
15240
15374
15524
15555
16058
16164
16218
16308
16813
16934
17620
17699
17770
18092
18298
18399
18503
19225
19845
20142
20787
21065
21113
21180
21460
21711
21768
21951
21965
22300
22618
22894
23122
23141
23259
23507
23838
23854
23881
23881
24509
24718
25134
25195
25228
25449
25510
25944
25959
26185
26586
26713
26863
27016
27143
27308
27332
27402
27469
27978
28199
28453
28573
28917
29141
29749
29903
30020
30073
30260
30381
30471
31308
31493
31518
31572
31676
31764
32009
32174
32320
32958
33404
33564
33570
33654
33685
33929
34060
34169
34294
34305
34529
35048
35259
35479
35609
35738
35848
36039
36218
36276
36284
36315
36466
36515
36545
36724
37314
37736
37753
37804
37953
38453
38912
39293
39343
39529
39568
39591
39696
39748
39800
40092
40214
40464
40802
41273
41680
41907
41962
42372
42975
43389
43713
43853
44119
44229
44629
44674
45190
45251
45289
45338
45608
45617
45620
45632
46055
46098
46405
46435
46619
46644
46807
47092
47130
47177
47350
47573
47620
48033
48387
48436
48615
48620
48626
48809
48851
48892
48993
49105
49190
49205
49345
49893
50041
50246
50305
50424
50777
50834
51893
52008
53359
53467
54036
54100
54386
54749
54943
55062
55291
55666
56706
56758
57093
57327
57351
57614
58116
58645
58788
59330
59834
60040
60255
60393
60471
60508
60552
60570
61441
61447
61610
61621
61705
61798
62291
62509
62522
62558
62571
62588
62819
62991
63108
63141
63375
63431
63749
63872
63898
64050
64412
64554
64660
65340
65455
65464
65538
65851
65972
66138
66332
66615
66644
66799
67082
67374
67888
68136
68556
69459
69715
70233
70435
71304
71427
71743
71844
72952
73167
73276
73670
73788
73883
73966
73975
74390
74412
74465
74568
74646
74848
75276
75276
75456
75739
75990
76324
76349
77010
77047
77265
77347
77806
78233
78387
78680
78807
79053
79138
79239
79274
79574
79812
80266
80304
80312
80333
81268
81530
81684
81778
81974
82108
82226
82324
82590
82858
83006
83049
83554
83574
83604
83634
83660
84263
84314
84396
84457
84939
85158
85398
85730
85812
85947
85973
86125
86257
86417
86460
86486
86528
86533
86617
86666
86749
86983
87002
87560
87916
88239
88320
88433
88466
88572
88622
88754
88868
88961
89026
89111
89645
89848
90217
90259
90712
90910
90980
91050
91081
91102
91812
91943
92063
92179
92318
92439
92468
92591
92828
93593
94127
94388
94620
94715
94828
94936
94963
95320
95465
95499
95786
96177
96234
96298
96408
96456
96849
96872
97025
97239
97317
97735
97736
97766
98102
98148
98444
98628
98733
98750
98939
99571
99572
99775
99875
99932
100099
100183
100571
100878
100915
100956
101115
101143
101323
101849
101891
102335
103016
103062
103413
103676
103703
103928
104128
104139
104382
104494
104582
104841
104958
105695
106513
106694
106952
107096
107338
107372
107788
107934
108351
108368
108382
108474
108495
108630
109100
109332
109446
109450
109527
109777
109968
110055
110126
110347
110791
110859
111253
111320
111699
111758
111789
111976
111980
112250
113038
113236
113403
113482
113485
114074
114208
114313
114314
114379
114554
114645
114793
114860
115028
115474
115725
115788
116145
116248
116367
116429
116448
117037
117350
117382
117496
117911
117947
117980
118798
118856
119041
119360
119402
119532
119558
119873
119900
120320
120430
120665
120795
121042
121148
121245
121532
121695
121801
122326
122438
122444
122688
122734
122849
122924
123102
123147
123315
123710
123746
123838
124094
124102
124376
124421
124488
124640
124661
124756
124898
125114
125272
125322
125453
125495
126271
126400
126587
126739
127081
127407
128225
128516
128601
128813
128858
129168
129304
129334
130009
130197
130297
130446
130574
130626
130913
131241
131796
132070
132223
132254
132264
132418
133105
133362
133403
133539
133964
134002
134159
134323
134408
134439
134453
134525
134588
134652
134713
134870
135027
135343
135352
135471
135993
136033
136688
136713
136782
136893
137002
137225
137344
137760
138825
139397
139675
139775
140017
140165
140780
140935
141035
141148
141150
141431
141547
141793
141988
142074
142382
142406
142417
142468
142699
142811
142865
143312
143595
143942
144448
144705
144749
144752
145143
145191
145310
145381
145493
145621
145841
146138
146298
146433
146542
146803
146807
147092
147185
147301
147351
148293
148315
148735
148754
148862
148966
149033
149252
149468
149485
149675
149695
149867
150222
150313
150686
150804
150811
151068
151299
151343
151513
151849
152098
152309
152439
153241
153460
154134
154236
154774
155143
155175
155205
155422
156089
156123
156290
156300
156443
156589
156996
158064
158608
158612
158788
158907
159001
159112
159455
159611
160021
160561
160643
160910
161157
161414
161448
162032
162173
163050
163807
164611
164654
164833
165385
165597
165617
166365
166646
166794
166819
167076
167428
167988
168086
168419
168424
169150
169394
169448
169526
169625
169950
170228
170329
170753
170753
170857
171205
171264
171850
172091
172424
172492
173133
173223
173517
173571
173614
173659
173850
173954
174012
174031
174079
174158
174291
174317
174613
174957
175858
176040
176337
176432
176766
176776
176819
176827
177072
177122
177125
177300
177441
177448
177839
177989
178551
178620
178677
178712
178771
178803
179115
179302
179440
180003
180541
180592
180723
180805
180966
180989
181110
181142
181147
181198
181286
181410
181417
181488
181649
181815
181888
182181
182965
183252
183313
183337
183391
183625
183982
184022
184638
184682
184868
184951
184987
185573
186353
186770
187806
188405
188489
188667
188962
188977
189449
189485
189586
189630
189913
190026
190135
190331
190440
190618
190687
190913
190971
191689
191773
191962
192212
192217
193206
193362
193507
193537
193559
193833
193891
193938
194243
194265
194438
194567
194579
194622
194637
194842
195105
195409
195639
196150
196293
196345
196480
196767
196812
197279
197617
198048
198200
198541
198864
199191
199209
199325
199403
199474
199541
199772
199959
200104
200172
200471
200641
201194
201327
201534
201977
202053
202078
202419
202511
202575
202794
202820
202849
203067
203793
203933
204259
204263
205078
205440
205711
206240
206288
206357
206891
206993
207437
207474
207490
207605
207732
207928
207996
208284
208477
208841
209028
209065
209186
209289
209342
209494
209591
210696
210715
210800
210814
211557
211828
212011
212312
212432
212640
212750
212842
212960
213283
213320
213375
213450
213548
213589
213715
214279
214426
214606
214826
214863
214972
215516
215551
215580
215729
216164
216620
216733
216739
216824
217021
217132
217155
217608
217820
217892
218058
218099
218151
218259
218753
218975
219118
219379
219475
219567
219576
220010
220321
220502
220612
221076
221193
221516
221529
221798
222336
222560
222588
223014
223265
223294
223661
223680
223787
224070
224137
224224
224350
224857
225317
225364
225592
225597
225751
225980
226128
226159
226279
226293
226295
226608
227003
227070
227202
227585
227684
227811
228583
228946
229373
229455
229666
229679
229804
229857
229886
230062
230143
230204
230229
230368
230792
230938
231111
231364
231467
231888
232000
232045
232228
232303
232574
232717
232892
232993
233076
233287
233469
233793
234053
234194
234328
234451
234961
235026
235118
235532
235778
235835
235868
235877
235894
235979
236249
236438
236495
236611
236797
237021
237057
238067
238431
238619
238662
238725
238853
239069
239594
239875
239897
240070
240078
240204
240419
240441
240622
240641
240718
241034
241235
241280
241805
241861
241876
242002
242083
242258
242453
242812
242827
243045
243214
243453
243461
243978
244046
244351
244387
244469
244552
244895
245040
245530
245733
245960
246204
246573
246752
246754
246987
247012
247071
247111
247115
247193
247295
247466
247608
247614
247813
247890
248490
248695
249437
249494
249512
249559
249925
250135
250147
250180
250337
250436
250527
250851
251428
251462
251872
252229
252536
252860
253065
253126
253184
253301
253390
253796
253895
254025
254442
254564
254585
255012
255148
255179
255383
255608
255671
255766
255806
255871
256382
256496
256860
256907
257159
257266
258037
258318
258398
258469
258774
258916
259511
259518
259566
259705
260248
260305
260416
260660
260689
260836
260966
261026
261041
261683
261706
261754
262324
262609
263276
263503
263525
263562
263800
263879
264019
264155
264221
264352
264540
264617
264732
265080
265088
265573
265580
265955
266338
266704
266793
266970
267466
268104
268752
268755
268800
268843
269103
269126
269131
270076
270231
270401
270471
270507
270654
270907
271009
271244
271401
272137
272227
272280
272470
272518
272538
272666
272808
272870
272993
273532
273719
273780
273887
273955
274371
274545
275033
275322
275403
275943
276052
276204
277098
277513
277785
278200
278337
278367
278853
278976
279271
279470
279513
279621
279729
279761
279819
280061
280362
280489
280571
280583
280660
280699
281248
282679
282856
283392
283662
283681
283784
283936
284123
284129
284201
284896
285596
285685
285784
285822
285957
286026
286585
286771
286924
287033
287205
287311
287441
287482
287484
287545
287553
287724
287895
288314
288347
288375
288438
288754
288865
289605
289823
289983
290046
290077
290105
290184
290743
290884
290990
291108
291444
291561
291643
291656
291837
292074
292257
292287
292477
292555
292584
292646
293747
293976
294437
294473
294978
295188
295310
295397
295406
295567
295807
296341
296396
296438
296445
296684
296954
296969
297387
297757
298066
298727
298740
298762
298815
298981
299192
299283
299802
300016
300121
300213
300216
300220
300567
300950
301304
301916
302135
302638
302655
302729
303285
303515
303564
303565
303744
303784
303885
304245
304433
304520
304540
304889
305282
305312
305318
305425
305455
305636
305910
305942
306128
306569
306616
306618
306775
306828
307056
307097
307389
307834
308240
308364
308557
308599
308671
308845
309036
309142
309152
309460
309509
309523
309661
309792
309867
309897
309904
310219
310312
310513
311008
311076
311292
311663
311763
312395
312594
312802
312846
312869
313948
313964
314522
314564
315202
315329
315354
315396
315624
316036
316142
316711
316780
316861
316934
317192
317402
317649
317659
317760
317881
318119
318498
318499
318794
319222
319407
319512
319953
321104
321638
321651
322085
322089
322547
322860
323024
323555
323719
323988
324525
324630
324987
325485
325652
325733
325932
325942
325988
326116
326870
326939
326969
327070
327071
327323
327496
327514
327825
327850
328057
328280
328322
328762
328859
328928
328955
329102
329970
330069
330579
330649
330841
331028
331191
331235
331508
331558
331744
331865
331878
331922
331947
331991
332104
332392
332413
332415
332710
332744
333046
333162
333286
333375
333851
334206
334583
334693
334716
334746
334748
334848
335451
335462
335680
336155
336759
336931
337087
338151
338245
338303
338645
338755
338764
338779
338917
339095
339150
339639
339709
339773
339920
339980
340006
340241
340922
340959
340982
341386
341428
341473
341738
342112
342263
342366
342618
342839
343216
343358
343957
344216
344255
344389
344542
344799
344828
345408
345746
345806
345877
345883
346330
346347
346369
346385
346743
346773
346892
347040
347114
347248
347577
348166
348476
348552
348900
348908
349224
349444
349594
349636
349716
349886
349968
350185
350211
350369
350439
350739
350895
351016
351663
352082
352192
352303
352580
353358
353419
353452
353458
353500
353676
353697
354280
354471
354531
354579
354720
354906
354908
355625
355642
355674
355884
356190
356590
356774
356829
356898
357152
357629
357928
357973
358473
358777
358864
358921
358925
358952
359864
359913
360336
360981
361398
361866
362173
362277
362345
362354
363061
363065
363105
363355
363640
363708
363729
364103
364526
364553
364787
365592
365631
366133
366265
366321
366360
366595
366695
366810
366975
367102
367141
367421
367529
367573
367619
367845
367906
368022
368110
368232
368370
368461
368482
368533
368681
368981
369146
369655
370556
370721
370836
370963
371205
371303
371721
371757
371788
371903
371963
371977
372035
372285
372351
372615
372719
372741
372755
372756
372798
372987
373461
373757
374188
374925
374930
375540
375600
375897
375897
375916
376134
376157
376342
376504
376698
377250
377607
377659
377694
377883
377984
378016
378033
378132
378191
378285
378305
378399
378410
379059
379412
379811
379818
379824
379882
379903
380361
380394
380881
380901
380926
380996
381088
381326
381387
381551
381623
381826
381919
382285
382352
382448
382555
382622
382890
382902
382955
383190
383304
383412
383543
383783
384692
384816
384816
385018
385051
385854
385989
386312
386448
386867
387345
387524
387701
388159
388429
388532
388615
389054
389359
389591
389865
389920
390156
390182
390399
390425
390433
390702
390841
390945
391276
391606
391808
391882
391975
392037
392216
392250
392284
392335
392524
392872
393278
393672
393807
393876
393963
394084
394658
394773
394798
394832
394983
395031
395076
395098
395247
395287
395332
396255
396283
396300
396518
396559
397095
397575
397724
397881
398437
398466
398467
398559
398643
398876
398925
398973
399352
399362
399624
399704
399880
399906
399913
400102
400249
400269
400455
400482
400834
400914
401027
401065
401112
401401
401409
401423
401472
401688
401701
401728
402046
402303
403268
403297
403911
403930
404357
404453
404560
404606
404742
404829
405380
405654
405958
406537
406834
406834
406963
407000
407463
407754
407786
407958
407993
408370
408558
408926
409205
409384
409392
409590
409664
409735
409749
409975
410169
410828
411384
411758
412196
412540
412730
412768
412805
413154
413460
413569
413930
413963
414022
414237
414311
414632
414892
414902
415244
415399
415403
415589
415690
415922
416303
417028
417088
418480
418694
419044
419663
419733
419831
419982
419987
420002
420009
420600
420729
420915
421130
421131
421467
421644
422145
422353
422438
422535
422546
422850
422890
422910
422971
422988
423550
423659
423685
423900
424029
424402
424510
424837
424857
425150
425269
425296
425432
425640
425793
425882
426339
426467
426491
426636
427175
427613
427623
427855
428180
428242
428316
428317
428360
428365
428464
429333
429690
429848
429859
429867
429912
429979
430044
430645
430963
431180
431293
431477
431531
431679
431955
432183
432337
432552
432641
432731
432809
433282
433540
433728
433767
434033
435075
435161
435680
435714
435942
436042
436140
436146
436302
436838
436885
436939
436992
437147
437358
437453
438076
438126
438385
438549
438600
438636
438742
438759
438809
439083
439466
439634
439849
440027
440331
440336
440372
440664
440684
441245
441297
441483
441638
441983
442057
442437
442550
442697
443102
443179
443214
443690
443691
443721
443870
444070
444256
444572
444803
444832
445110
445183
445222
445307
445791
445806
445826
445871
445931
446036
446393
446394
446829
447431
447737
447932
448043
448201
448433
448536
448754
448788
448932
449421
449793
450279
450313
450403
450444
450567
450622
450697
450716
450921
451034
451123
451346
451394
451399
451506
451611
451652
451862
451959
452083
452139
452265
452434
452494
452495
452669
452732
452839
452994
453067
453292
453337
453909
453943
454191
454322
454345
454577
454759
454806
454818
454963
455370
455428
455544
455714
455792
456042
456103
456170
457011
457324
457350
457376
457581
457754
458274
458334
458490
458600
458636
458889
458903
458920
459152
459524
459980
460127
460621
460725
461094
461287
461372
461381
461391
461665
462052
462713
463614
463943
464151
464197
464236
464237
464379
464661
464752
464858
464907
465052
465111
465155
465309
465351
465529
465590
465631
465660
465751
465849
466114
466214
466494
466733
466759
466781
466832
467087
467107
467142
467980
467984
468166
468221
468312
468495
468680
469435
469935
470043
470206
470227
470253
470294
470301
470769
471285
471616
471831
471939
472196
472265
472346
472553
472745
472759
473011
473386
473598
473704
473753
473777
474444
474664
474899
475250
476116
476302
476362
476403
476834
476882
477061
477526
477533
477562
478017
478052
478264
478752
478815
479155
479481
479520
479621
479695
479907
479909
479997
480114
480583
480775
481168
481282
481441
481562
481695
481787
481919
481985
482112
482124
482380
482511
482590
482764
482798
482885
483060
483064
483102
483435
483696
483756
483814
484109
484459
485258
485358
485525
485555
485645
485795
486066
486133
487046
487084
487136
487379
487427
487508
487527
487788
488109
488464
489090
489628
489934
490463
490685
490705
490837
490860
490924
491152
492084
492172
492203
492793
492897
493198
494242
494273
494360
494379
494488
494524
494623
494829
494914
495186
495309
495379
495427
495936
496227
496518
496571
496863
497083
497148
497638
498104
498312
498350
498450
498567
498732
498790
499164
499273
499737
499924
499926
499984
500054
500513
500590
500620
500722
500729
500941
500969
501153
501207
501653
501828
502125
502348
502461
502522
502568
502606
502712
503031
503049
503076
503145
503317
503770
504797
504940
505195
505450
505473
505633
505694
505714
506233
506259
506441
506626
506817
507048
507110
507350
507392
508436
508463
508691
508956
509068
509170
509307
509505
509673
509989
510005
510136
510183
510697
510772
511104
511470
511615
512173
512346
512855
512932
513123
513494
513634
513762
513807
513835
513954
514123
514299
514712
515318
515338
515461
515753
516194
516468
516811
517419
517685
517736
517874
518416
518596
518819
518820
519150
519448
519706
519741
519780
519803
519846
519871
520021
520650
521028
521063
521384
521731
522137
522443
522553
522808
522852
523106
523446
523593
523771
524049
524647
524897
525666
525776
526248
526309
526455
526501
526670
526728
526728
526863
527045
527141
527173
527234
527395
527565
527647
527724
527770
527904
528649
528891
528894
529055
529076
529236
529776
529952
530086
530511
530584
530626
531166
531620
532389
532477
532693
532700
532765
533053
533149
533749
533886
533890
534191
534264
534499
534586
534773
534870
535148
535263
535703
535794
535982
535983
536005
536218
536724
536895
538413
538569
538793
538804
538856
538932
539246
539725
540062
540354
540457
540467
541266
541322
541419
541499
541839
541938
542025
542059
542141
542248
542333
542674
542679
542731
542969
543242
543567
543716
543773
544069
544073
544264
544318
544453
544477
545257
545303
545397
545488
545749
545963
546008
546056
546235
546240
546321
546950
546959
547400
547644
547838
547934
548126
548669
548817
548914
548958
549279
549611
549889
549916
550022
550189
550356
551296
551395
551581
551851
551894
552088
552094
552370
552705
552803
552955
553081
553160
553172
553589
553623
553660
553823
554000
554021
554038
554264
554431
554619
554773
554965
555038
555189
555560
555761
556233
556280
556282
556299
556434
556664
556920
556935
556959
557207
557407
557435
557537
557590
557683
557811
558130
558171
558309
558611
558726
558746
558917
559097
559218
559847
560228
560297
560312
560430
560778
560942
560944
560974
561065
561359
562257
562274
562323
562348
562372
562670
562856
562860
562895
562951
562962
563112
563187
563879
564001
564052
564700
565457
565607
565927
565954
566090
566308
566577
566751
566945
567276
567548
567761
567828
568036
568041
568221
568410
568599
568992
569137
569291
569719
570021
570102
570135
571204
571238
571333
571391
572195
572560
572685
573055
573189
573244
573347
573583
573752
574118
574850
575371
575426
575600
575889
576017
576363
576680
576702
577037
577050
577737
577948
578042
578269
578387
578648
578998
579009
579175
579296
579297
579472
579603
579751
579916
580172
580332
580483
580549
580574
580608
580733
581095
581155
581661
581738
581892
581941
581953
582124
582641
582749
583262
583333
583397
583468
583740
583786
583865
584043
584076
584117
584329
584473
584555
584751
584995
585034
585230
585899
586035
586167
586286
586459
586688
586738
587591
587730
588092
588297
588839
588851
588873
589199
589373
589464
589644
589843
590049
590171
590364
590370
590520
590946
591013
591024
591382
591737
591928
591945
592326
592408
592458
593362
593485
593526
593920
594018
594191
594520
594651
595378
595469
595674
595762
595840
596188
596583
596697
596802
596894
597001
597064
597294
597599
597822
598021
598341
598947
598993
599461
599561
599627
599804
599957
599985
600068
600262
600361
600419
600863
601162
601370
601614
602432
602714
602908
603016
603175
603217
603286
603412
603610
603879
603885
604138
604169
604221
604539
604892
605300
605377
605417
605723
605830
606242
606304
606409
606477
606544
606800
606978
607006
607421
607556
607698
607972
608628
608720
608878
610371
610445
610481
610820
610863
610928
611020
611154
611309
611324
611607
611947
612517
612687
612967
613048
613630
614460
614565
614571
614612
614739
615504
615595
616028
616122
616171
616335
616576
616785
616875
616891
617226
617281
617607
617679
617927
618254
618345
618406
618861
619109
619234
619898
619982
620015
620163
620242
620383
620523
621072
621227
621534
621704
621775
621926
622243
622332
622429
622593
622634
622678
623009
623313
623376
623389
623495
623542
623554
623992
624357
624452
625006
625200
625347
625380
625527
625840
626057
626173
626455
626510
626511
626727
626732
626908
626929
627155
627260
627427
627675
628073
628174
628240
628263
628595
629022
629198
629601
629793
629866
630004
630110
630604
630650
630843
630891
631114
631207
631216
631350
631371
631391
631404
631884
631934
632388
632640
632656
632860
632877
633017
633154
633681
634067
634243
634738
634923
635153
635250
635341
635373
635500
635507
635581
635853
635965
635970
636092
636446
636883
637006
637053
637300
637524
637574
637628
637717
638117
638161
638324
638366
638927
639381
639405
639697
639879
639903
639986
640317
640467
640489
640570
640743
641002
641197
641234
641411
641512
641672
641890
642121
642449
642763
642839
643157
643234
643443
643502
643523
643577
643841
643960
644001
644551
644571
645278
645699
645764
645893
646004
646083
646126
646261
646465
646682
646980
647197
647202
647270
647843
647857
648078
648280
648507
648561
648622
649219
649289
649766
650033
650378
650587
650793
651204
651470
651899
651948
652403
652434
652541
652547
652630
652888
653049
653382
653666
653824
654423
654533
655032
655460
655516
655620
655663
655723
655785
655872
655905
655945
656116
656337
656474
656835
657043
657105
657482
657537
657549
657589
658579
658819
659071
659146
659169
659245
659347
659928
660016
660099
660670
660876
661281
661350
661582
661728
661957
662281
662393
662542
662827
662969
663126
663221
663432
663526
663576
663639
664072
664079
664644
664901
665001
665010
666014
666081
666189
666389
666560
666573
666602
666863
666952
667152
667398
667881
667945
668110
668956
668960
668985
668987
669489
669767
669958
670324
670503
670534
670672
670847
670856
671575
671766
672040
672086
672339
672343
672395
672541
672569
672829
672916
672946
673054
673160
673365
673379
673473
673740
673753
674118
674132
674524
675274
675347
675801
676229
676311
676407
676537
676744
677223
677388
677440
677773
677828
678129
678471
678742
678774
679519
680277
680442
680670
680838
680931
681169
681340
681343
681557
681729
681836
682068
682118
682153
682755
682778
682779
683421
683587
684460
684868
685242
685395
685442
685623
685839
686007
686089
686203
686272
686311
686438
686497
686530
686612
686740
687111
687211
687246
687371
687374
687402
687554
687837
688018
688080
688366
688420
688449
688556
688654
688841
688849
689089
689394
689490
689636
690150
690159
690309
690430
690813
691060
691152
691586
691626
691702
691718
691992
692310
692701
692890
692940
693004
693077
693513
693664
693676
693726
693754
694435
694605
694651
694678
694795
694951
694959
695043
695180
695491
695655
695754
695760
695803
695813
695832
695897
695923
696032
696100
696276
696285
696561
697103
697188
697483
697598
698184
698308
698704
699088
699166
699508
699592
699644
699930
700525
700664
701218
701450
702047
702127
702439
702653
702837
702879
702958
703156
703231
703331
703374
704204
704231
704256
704347
705237
705402
705450
705540
705585
705742
705792
705953
706109
706132
706254
707393
707701
707739
707763
707995
708240
708248
708303
708310
708435
708573
708749
708792
709257
709308
709611
709719
710621
711182
711315
711549
711834
712320
712465
712558
712725
713146
713372
713924
714098
714396
714862
715228
715461
715662
715750
715766
716038
716227
716359
716475
717102
717321
717432
717533
717544
718253
718410
718420
718830
718945
718954
719094
719323
719470
719606
719851
719864
719889
720102
720321
720963
720972
721169
721404
721499
721655
722034
722081
722194
722327
722401
722440
722536
722722
723050
723324
723935
724130
724297
724509
724692
725093
725168
725273
725473
725939
726077
726912
726913
727061
727131
727176
727341
727396
727767
727874
728760
728793
728907
729094
729133
729169
729173
729176
729253
729388
729834
729911
730769
730862
730919
731079
731167
731210
731394
731639
731726
732091
732149
732316
732337
732409
732598
732941
732965
732967
733043
733266
733449
733466
733526
733585
733620
734433
734616
734712
734842
735097
735679
735732
735829
735870
735954
736279
736658
737099
737494
737937
738433
738597
738770
738802
739088
739590
739721
740304
740354
740692
740928
741017
741064
741065
741291
741564
741694
741827
741938
742708
742999
743297
743660
743672
743707
743839
744103
744126
744696
744872
745167
745185
745916
746172
746289
746513
746727
746879
746941
747176
747242
747436
747643
747648
747764
747814
748119
748544
748556
748677
748769
749061
749549
749576
749652
749683
749831
749963
750001
750113
750222
750375
750586
750614
750761
750975
751061
751239
751909
752083
752236
753222
753385
753927
754097
754159
754214
754303
754319
754587
754746
754761
754894
755169
755516
755843
756124
756151
756257
756434
756521
756544
756630
756696
756713
756721
756797
756818
756946
757023
757315
757457
757835
758047
758086
758191
758221
758273
758527
758713
758750
758818
758918
759850
759951
760044
760060
760700
760844
761113
761422
761509
761746
762066
762261
762282
762443
762500
762803
763147
763535
763624
763878
764041
764134
764391
764593
764745
764905
765572
765661
765770
766162
766188
766540
766654
766667
767151
767266
767308
767782
767842
767900
768017
768676
768757
769219
769653
769708
770141
770271
770316
770453
770727
770828
771402
771922
772052
772164
772275
772359
772559
772586
773739
773765
774094
774242
774247
774329
774440
774486
774531
774647
774735
774882
774958
775508
775657
775849
775926
775997
776091
776226
776511
776795
776854
777162
777494
777532
777600
777625
777631
777944
777963
778153
778187
778234
778236
778244
778303
778406
778797
778876
778917
779276
779297
779315
779412
779480
779873
779885
780005
780747
781496
782291
782827
782851
782952
783221
783445
783579
783625
783699
783732
783757
783828
784641
784673
784683
784955
785055
785122
785461
785497
785522
785540
785804
785908
786125
786248
786441
786534
786579
786631
786867
787068
787225
787238
787400
787519
787588
787792
787872
787934
788019
788669
788769
788933
788998
789380
789990
790185
790477
790520
790621
790838
790843
790871
790984
791014
791092
791276
791527
791665
791681
792332
792457
792581
792930
793560
793711
793911
794629
794652
794734
794788
794812
794952
795227
795597
795721
795761
796086
796211
797080
797106
797939
798056
798067
798263
798584
799018
799042
799115
799313
799339
799792
800302
800307
800605
800675
801041
801124
801136
801228
801684
801721
801942
802321
802630
802773
802851
803043
803153
803233
803699
803998
804005
804841
805071
805087
805176
805192
805356
805361
805450
805477
805542
805752
806781
806940
807041
807474
807484
807654
807738
808039
808066
808116
808138
808199
808525
808731
809207
809215
809374
809409
809646
809699
810170
810286
810327
810590
810707
810749
810928
811886
812167
812294
812405
812587
812666
812939
813165
813319
813422
813475
813743
813802
813906
813927
814152
814206
814334
814366
814564
814863
814879
814958
814997
815102
815681
815746
815903
816399
816838
816849
816890
816959
817471
817697
817808
817891
817897
817929
817987
818020
818729
818978
819201
819681
819762
819857
820166
820254
820273
820371
820584
820634
820682
820756
820774
820852
820965
821008
821507
822081
822599
822647
822860
823017
823079
823575
823740
823740
823886
824146
824216
824466
824468
824550
824760
824886
824938
825213
825315
825440
825601
825603
825995
826026
826082
826172
826464
826716
826862
827006
827159
827191
827283
827349
827497
827624
827756
828263
828406
828520
828660
828805
828953
829550
829656
829716
829765
830209
830293
830555
830628
831271
831391
831747
831914
832109
832147
832374
832733
832758
833472
833632
833861
834410
834583
834847
834895
834947
835033
835168
835341
835380
835479
835571
835576
835639
835657
835852
835892
835954
836052
836107
836784
837010
837479
838196
838404
838554
838626
839019
839360
839504
839985
840031
841041
841064
841082
841227
841730
842195
842283
842426
843012
843229
843357
843358
843503
843721
843823
844273
844517
844561
844647
844783
845296
845375
845456
845618
845945
846332
846480
846597
846599
846620
846737
846748
846806
847115
847273
847584
847598
848183
848374
848573
848877
848889
849062
849149
849645
850197
850304
850597
850819
851032
851488
851788
851986
852371
852755
852931
853036
853633
853934
854112
854205
854434
854681
855065
855530
855558
855611
856204
856346
856574
856723
856762
856767
857019
857071
857107
857241
857474
857802
857875
857997
858159
858208
858328
858408
858558
858831
858961
859138
859143
859556
859581
859643
860072
860212
860299
860448
860646
860717
860856
860967
861101
862084
862109
862255
862879
863091
863170
863268
863905
864184
864510
864740
864798
864817
864858
865336
865395
865418
865962
866472
866524
866737
866852
867175
867225
867645
867695
867765
867902
867956
868365
868740
868899
869032
869126
869203
869547
870011
870369
870705
870730
870793
871078
871909
872425
872679
872703
872751
872811
872854
872898
873116
873296
873344
873574
873629
873803
873822
873875
873914
873998
874505
874554
874624
874800
875863
876044
877555
877906
878473
878500
878626
878724
878773
878829
878830
878908
878941
879452
879660
879897
879971
880078
880159
880250
880389
880453
880504
880527
880569
881078
881081
881197
881938
881984
882519
882843
882925
882994
883091
883213
883645
883684
883820
883969
884792
884798
885246
885262
885612
886046
886496
886656
886915
887075
887269
887617
887751
887831
887996
887997
888367
888686
888819
888988
889263
889769
889885
890376
891187
891363
891559
891680
891930
891945
892153
892478
892548
893212
893570
893707
893757
893866
894056
894213
894307
894325
894680
894787
894846
894855
895207
895350
895602
895694
895758
896046
896263
896288
896346
896385
896478
896518
896584
896617
896669
896922
897013
897090
897775
898011
898203
898400
899633
899779
900202
900277
900390
900619
900712
900860
900942
901170
901437
901488
902173
902265
902315
902325
902946
903060
903071
903076
903141
903155
904014
904109
904353
904614
904638
904648
904702
904702
904782
904901
904956
905124
905202
905654
905896
905947
906031
906124
906463
906640
906735
907159
907201
907205
907306
907341
907671
908080
908123
908332
908436
908807
908930
909139
909210
909740
909846
910115
910376
910478
910574
910735
910893
911048
911111
911358
911509
911572
911574
911630
911895
912241
912308
912529
912797
912864
912881
912885
913576
913991
914198
914307
914312
914710
914746
914871
914938
915525
915864
916409
916976
916978
917222
917435
917553
918110
918461
918520
918646
918677
918817
919013
919482
919517
919580
919671
919849
919885
920027
920073
920369
920534
920930
921025
921739
921983
922037
922525
922615
922746
922767
923020
923169
923476
923580
923741
923893
924442
924736
924769
924905
924933
925467
925624
925811
926051
926113
926487
926631
926756
926770
926867
927045
927162
927184
927217
927268
927350
927466
927502
927507
927835
927916
928006
928143
928194
928201
928254
928356
928386
928408
928859
929489
929657
929666
929695
929928
930064
930132
930367
930833
931117
931635
931691
931873
931933
932357
932396
932897
933498
934438
934934
935146
935542
935612
935683
935725
936130
936135
936237
936882
936972
937017
937189
937539
937742
937769
937843
937855
938142
938280
938391
938866
939321
939354
939512
939715
939729
939759
939808
940050
940280
940336
940618
940627
940639
940855
940918
941001
941016
941048
941177
941806
942567
942949
943178
943208
943344
943406
943701
943716
944111
944141
944605
944693
944782
944811
944857
944904
944934
944943
945038
945384
945508
945893
945923
946269
946988
947033
947053
947086
947296
947347
947919
948016
948034
948165
948169
948232
948771
948822
948882
949158
949223
949245
949581
949613
949733
950700
950854
951427
951917
952108
952154
952223
952224
952456
953057
953169
953193
953529
953870
953888
954741
954989
955046
955051
955326
955345
955658
955739
955832
955921
955949
956005
956045
956151
956214
956318
956379
956490
956713
956787
956977
958256
958325
958349
959066
959579
959679
959820
959850
959850
959861
960006
960055
960059
960326
960558
960564
960601
960618
960635
960749
960853
960860
961270
961889
961917
962030
962632
962662
962740
962880
963152
963228
963354
963674
964173
964266
964380
964564
964903
965187
965494
965627
965771
965794
965837
965889
966163
966385
966417
966733
967040
967042
967125
967260
967461
967497
967686
967815
968087
968130
968212
968500
968771
968943
968955
969353
969391
969404
969580
969658
969773
970959
971327
971340
971400
971747
972572
972622
972717
972842
972869
973165
973445
973459
973793
973800
973950
974248
974295
975230
975314
975353
975375
975416
975533
975687
975831
976193
976300
976482
976752
976908
977101
977129
977195
977280
977303
977426
977484
977564
977825
977912
977948
977997
978077
978162
978172
978318
978380
978768
978887
979366
979722
980035
980063
980579
980581
981126
981371
981586
982637
982644
982645
982890
982947
982975
983212
983698
983759
984089
984131
984163
984400
984696
984760
984937
985203
985915
985955
985992
986448
986618
986629
986701
987202
987361
987381
987951
988016
988107
988260
988603
989253
989273
989590
990023
990137
990911
991243
991302
991368
991394
991480
992447
992551
992720
992840
992869
992909
993054
993096
993192
993197
993385
993429
993681
993714
993774
993822
994619
994829
994987
995120
995288
995317
995508
995915
996112
996118
996240
996809
996867
997805
997846
997885
997899
998432
998722
998993
