-999955
-999409
-998669
-997522
-997258
-997109
-996984
-995246
-992972
-992727
-992310
-990847
-990224
-989903
-987956
-987755
-987101
-986808
-986764
-982814
-982729
-982719
-981826
-981398
-980906
-980804
-980678
-979539
-979234
-978207
-978176
-976121
-975147
-972174
-971959
-970786
-970700
-968987
-968001
-967648
-967611
-966305
-965898
-965531
-965083
-964834
-964503
-964350
-964203
-964144
-962994
-962924
-962393
-961763
-961400
-961335
-960618
-960114
-959072
-957431
-957277
-957188
-956899
-956294
-955168
-953121
-952967
-952727
-952096
-952057
-951483
-950917
-950306
-950142
-949064
-948863
-948608
-948299
-947845
-947517
-947144
-946219
-944846
-943873
-940678
-940640
-940530
-940034
-938885
-937823
-936830
-935619
-935278
-934899
-934551
-934405
-934276
-933098
-933074
-933042
-931499
-930863
-930855
-928786
-928388
-928153
-927707
-927491
-926701
-926535
-926346
-925909
-924715
-924352
-924176
-923566
-923027
-922989
-922634
-922481
-922440
-922048
-921424
-921079
-920608
-919524
-919327
-919166
-918895
-918037
-917726
-917053
-916630
-916425
-915303
-915142
-914656
-914579
-914025
-913998
-913308
-913171
-912462
-911940
-911736
-911158
-909198
-908740
-908421
-908379
-907880
-907037
-906589
-906236
-905479
-905210
-904955
-904587
-904212
-903394
-903225
-901711
-901383
-900297
-899619
-898339
-897576
-896341
-896127
-895470
-894801
-894769
-892636
-891228
-891047
-890365
-890313
-889982
-889187
-887223
-886929
-886108
-885581
-885455
-885074
-885025
-883998
-883526
-883106
-883092
-883045
-882676
-882290
-881526
-881199
-880414
-880120
-879770
-879634
-879414
-879245
-879022
-878825
-878643
-877955
-877815
-877580
-877118
-876177
-875612
-875121
-874357
-874262
-873860
-872749
-872291
-871417
-871214
-869662
-869437
-868966
-868838
-867773
-867363
-867314
-866105
-861767
-861636
-861406
-860873
-858748
-858521
-857591
-857521
-856661
-856630
-856251
-855467
-855110
-854630
-853483
-852809
-852095
-851441
-848637
-848275
-847191
-847166
-846184
-845981
-845613
-844168
-843792
-843305
-843266
-843220
-842415
-840611
-838785
-838568
-838008
-837187
-836195
-835391
-834529
-834137
-834016
-833882
-833345
-833322
-832144
-831877
-831284
-830369
-829007
-828855
-828359
-828019
-827610
-827547
-826681
-826111
-824299
-824241
-823516
-823065
-822532
-822439
-822323
-822230
-822132
-822030
-821872
-821868
-821109
-820925
-820614
-819742
-819401
-818312
-815580
-815058
-814967
-813102
-812528
-811870
-809947
-809911
-809019
-808851
-808715
-808417
-807849
-805902
-804436
-803334
-803170
-802596
-802128
-801936
-801697
-801080
-799127
-798424
-796886
-796405
-794570
-794133
-792033
-789468
-788907
-788784
-788758
-787809
-785810
-785740
-785440
-784919
-784557
-784393
-783830
-782906
-782486
-781546
-780904
-780670
-778843
-777733
-777728
-776984
-775206
-773439
-773397
-772726
-769104
-767889
-767593
-767552
-767428
-766876
-765561
-765076
-765057
-764944
-764568
-764461
-763575
-763439
-762524
-762297
-762132
-761984
-761005
-760157
-758750
-758704
-758456
-758310
-757509
-757062
-754938
-753744
-752788
-751742
-751067
-749911
-749317
-749003
-747658
-746821
-745973
-745442
-743910
-742974
-742058
-741829
-741518
-741502
-740940
-740482
-738669
-738025
-737583
-737399
-737034
-736653
-736508
-734742
-734411
-734173
-733993
-733035
-731920
-731513
-731239
-731090
-730705
-729480
-729102
-728204
-727397
-725376
-725265
-724757
-724525
-723655
-722362
-720811
-719947
-719563
-717062
-716107
-715841
-715581
-715425
-714935
-714670
-713983
-711072
-710928
-710597
-710392
-708692
-708390
-708159
-708127
-707447
-706163
-704452
-703542
-702604
-702526
-702488
-701138
-700726
-699038
-698879
-698636
-697860
-697052
-696715
-696631
-695705
-695624
-695131
-693904
-693155
-691201
-690980
-689066
-688136
-687892
-686451
-685993
-684043
-683756
-683212
-683097
-682924
-682834
-682560
-682134
-679603
-679228
-678634
-676801
-676701
-674363
-674157
-674098
-673850
-673359
-673025
-669887
-668577
-668532
-668396
-668024
-667749
-665824
-665149
-664081
-664038
-664035
-662844
-662699
-662634
-662077
-662049
-661928
-661733
-660703
-660090
-658470
-658423
-658394
-657300
-656330
-655865
-655430
-654137
-651649
-651560
-651082
-651003
-650100
-649995
-649949
-649372
-647347
-646236
-644632
-644189
-643652
-643509
-643418
-643414
-642793
-641849
-641625
-641231
-640889
-640698
-640412
-639608
-639591
-638560
-637353
-636834
-636365
-636345
-635663
-634735
-634617
-633971
-633230
-633025
-630582
-629941
-628873
-628639
-627875
-627347
-627149
-625920
-625877
-625593
-625571
-625512
-624843
-624151
-623878
-623647
-623420
-622420
-622366
-621726
-618428
-617861
-617704
-616671
-615447
-615280
-614314
-613641
-613361
-613068
-609420
-607546
-607282
-607034
-606558
-606501
-604568
-601995
-601121
-600484
-599410
-598993
-597409
-595429
-594906
-594532
-593427
-592753
-592479
-592335
-592015
-591532
-591392
-591132
-591035
-590777
-590612
-590463
-589883
-589818
-589549
-588950
-587857
-587376
-586989
-586684
-586402
-586153
-585184
-585099
-584799
-584450
-583597
-583503
-583297
-581700
-579600
-578675
-577224
-576935
-576641
-575744
-575355
-575335
-573922
-573629
-571874
-571539
-571513
-570659
-568345
-568248
-568233
-567813
-567591
-567335
-567065
-566191
-565662
-565525
-564844
-564669
-563512
-563338
-563196
-563000
-562852
-562766
-562510
-562099
-561949
-560395
-560249
-559686
-559323
-558506
-557268
-556875
-556837
-555380
-552338
-551474
-551291
-549717
-549075
-548918
-547219
-545642
-544775
-543543
-542861
-542838
-542775
-542773
-541757
-541699
-541525
-541313
-540773
-539974
-538895
-538233
-538213
-537501
-536439
-536429
-536215
-534017
-533672
-531054
-530763
-530456
-529326
-529192
-528560
-528193
-528053
-527655
-526953
-526903
-526824
-526675
-526453
-526337
-525670
-525524
-525292
-525176
-522113
-521871
-521193
-520480
-520114
-517903
-517757
-517072
-516679
-516340
-515160
-514394
-513399
-513096
-512995
-512573
-511267
-510884
-510853
-510809
-510448
-509644
-507961
-507767
-507503
-506700
-505285
-504799
-503939
-503569
-502536
-502178
-501187
-500588
-500409
-500333
-499894
-499865
-499403
-499277
-498683
-498642
-497216
-496439
-495948
-495103
-494782
-494616
-494381
-494187
-493716
-492938
-491682
-490548
-490244
-489506
-488974
-488424
-488199
-487439
-486551
-485469
-485038
-484569
-484346
-484150
-484114
-483976
-483277
-483039
-482901
-482497
-481824
-481460
-481370
-481230
-480697
-479348
-479209
-478815
-478237
-477537
-476326
-476254
-474670
-472500
-471724
-470889
-470477
-469949
-468962
-468899
-467726
-466458
-465866
-465691
-465609
-463997
-463734
-462769
-462635
-462612
-461275
-459948
-458530
-457407
-456641
-456130
-456042
-455645
-455425
-455066
-454137
-453289
-453036
-452840
-452167
-452019
-449610
-449559
-449266
-448759
-447804
-447376
-447367
-447225
-447020
-446932
-446918
-446437
-446430
-445789
-445362
-444807
-443144
-441894
-441401
-440616
-440248
-440233
-439394
-439188
-438552
-438424
-437266
-437026
-435394
-434972
-433538
-432924
-432158
-430607
-428034
-427778
-427709
-427380
-426980
-426264
-425597
-424713
-424025
-424004
-423860
-423559
-422964
-422337
-422184
-421908
-421248
-420490
-419996
-419469
-419099
-418000
-416833
-416325
-416251
-415939
-415908
-415614
-415016
-414667
-414514
-414204
-413981
-412845
-412705
-411259
-410778
-408967
-408577
-408144
-407265
-405717
-405038
-404819
-404729
-404604
-403695
-403659
-403602
-403464
-403365
-402624
-402595
-402523
-402185
-399631
-399517
-399265
-398700
-397309
-397256
-396766
-396755
-396395
-395670
-395190
-394942
-394615
-393906
-393400
-392741
-391645
-390754
-389506
-389218
-387380
-387095
-387094
-384795
-384618
-384465
-383696
-383349
-382628
-381882
-381690
-381211
-381115
-380752
-380304
-379608
-379411
-379217
-378756
-377333
-375271
-374795
-373924
-372888
-372670
-370945
-370433
-370267
-369960
-368691
-368443
-368244
-367854
-367788
-367465
-366970
-366746
-365984
-365654
-365403
-365396
-361434
-360026
-358829
-358328
-357887
-357544
-357429
-357350
-356640
-354434
-354179
-351366
-350728
-350084
-349956
-349625
-349105
-348940
-347755
-347456
-346756
-346296
-345722
-345659
-345212
-344777
-344475
-343400
-342896
-342772
-342516
-342440
-342118
-341521
-341156
-341007
-340108
-339345
-339084
-338629
-338575
-338389
-337330
-337270
-336163
-335274
-331097
-330669
-329667
-329498
-328849
-328163
-327554
-326862
-326675
-326429
-325924
-325445
-324971
-324591
-323658
-322588
-322093
-322088
-321483
-321181
-320919
-315841
-314271
-313239
-313230
-312172
-312166
-311479
-310558
-309185
-309063
-308770
-307609
-307501
-307433
-307372
-307243
-306019
-305625
-305319
-304713
-303049
-302584
-302424
-302326
-302234
-302166
-302063
-302059
-301934
-301206
-300462
-300051
-299507
-299205
-297943
-296706
-296588
-296421
-296136
-295150
-293922
-293647
-292045
-291543
-290596
-290043
-288307
-288213
-286505
-286420
-286135
-284947
-284620
-283269
-280309
-279093
-278959
-277838
-277211
-277078
-276038
-275741
-275542
-275239
-274114
-273599
-273045
-272496
-272432
-271872
-271318
-271257
-270658
-269738
-269609
-268600
-268381
-267515
-266740
-266567
-266282
-266216
-265433
-262405
-259768
-258808
-257189
-255957
-255915
-254575
-254220
-253495
-253392
-253013
-252434
-251780
-251486
-251229
-249229
-247759
-247552
-247485
-247386
-246308
-245533
-245523
-245139
-245118
-244926
-243828
-243796
-243728
-243564
-243370
-241539
-240868
-238324
-238085
-237973
-237337
-237327
-237122
-236379
-236031
-235765
-234514
-234194
-234143
-233620
-232446
-231574
-231323
-229800
-229448
-228583
-228063
-227820
-225815
-225803
-224985
-224222
-224059
-222097
-219730
-219062
-218004
-216924
-215936
-215691
-215503
-215455
-215060
-214919
-212832
-211289
-211019
-210808
-209469
-208784
-207955
-207307
-207259
-206894
-205751
-205566
-205520
-204558
-204239
-203910
-200728
-198542
-198449
-198324
-197870
-197288
-197264
-196680
-196342
-194227
-192358
-190844
-190576
-189427
-189338
-188036
-187971
-187648
-187081
-186757
-186362
-185431
-185144
-184486
-184460
-183973
-183901
-183788
-183234
-183133
-182796
-181589
-180712
-180603
-179335
-178585
-178043
-177845
-177315
-177088
-174411
-174258
-173834
-173240
-172494
-172303
-171921
-171432
-171051
-170196
-169714
-169310
-169034
-168441
-167979
-166614
-166169
-165840
-165154
-165122
-164288
-163753
-163123
-163096
-162995
-162972
-162667
-162408
-161377
-159561
-159489
-159231
-156859
-155837
-154940
-154837
-154508
-153436
-152820
-152508
-147393
-147074
-146805
-146173
-146014
-144885
-144757
-144711
-144376
-143010
-142763
-142713
-142604
-141927
-141811
-141658
-141263
-139456
-138687
-137468
-134118
-132982
-132349
-131316
-131251
-131149
-127224
-127024
-127020
-126137
-124916
-124067
-122048
-120530
-120119
-119967
-118869
-118162
-117350
-117080
-115783
-114265
-112922
-112643
-111199
-108029
-103613
-103212
-102874
-102132
-101945
-100636
-98631
-97993
-97868
-96521
-96002
-95729
-95461
-94230
-93853
-93496
-93467
-91962
-90851
-90630
-89566
-88601
-88382
-86452
-86234
-85045
-84549
-84272
-82308
-79979
-79230
-79142
-79053
-78869
-78688
-78304
-76642
-75187
-74727
-74110
-72401
-72335
-72314
-72060
-71437
-71126
-70965
-69539
-69539
-67912
-67417
-67124
-66959
-65673
-65312
-65009
-64809
-64517
-64039
-63997
-63542
-63418
-62445
-61704
-61688
-61443
-60453
-60313
-60215
-59677
-59036
-58873
-58140
-57328
-56994
-55872
-55650
-55362
-54111
-53378
-53319
-52091
-51952
-51675
-51635
-51528
-51038
-50530
-49606
-49495
-49253
-47859
-47056
-46639
-46616
-46611
-45688
-44564
-44241
-43128
-41370
-41195
-39936
-39629
-38303
-36784
-36592
-36490
-36244
-36107
-35354
-34556
-34496
-34316
-33715
-33674
-33588
-32825
-31601
-28903
-28731
-27728
-27639
-27133
-27115
-26062
-26009
-25306
-25190
-24216
-23256
-22551
-21777
-20877
-20787
-20225
-19301
-19091
-18911
-18377
-17541
-17141
-16624
-16307
-15733
-14066
-13452
-12985
-12483
-12162
-12018
-11994
-11667
-11169
-10910
-10908
-10043
-9067
-8810
-8659
-8071
-7781
-7145
-6833
-6502
-5297
-4145
-3925
-2164
-1488
-685
-461
3383
3731
3822
5581
6493
9328
9645
10281
10851
10888
11515
11680
13365
13419
13788
15937
16815
17722
17960
18401
18571
21168
23095
26803
26872
28183
28590
28748
28748
29360
29414
30387
30812
30971
31578
32640
35321
35749
36193
36845
36959
36970
37265
37272
40454
40686
40976
41142
41634
42540
42794
43674
43909
44242
44914
45161
45218
45243
45331
46591
47754
48073
50782
52055
53865
54827
55542
55939
56846
58211
58459
58540
59157
59812
59980
61433
61830
63011
63546
64820
65801
65858
65917
66311
66816
67163
68424
69627
70204
71050
71756
71773
72995
73073
73206
74053
75035
75450
75795
75937
77154
77442
77614
78105
79997
80753
81533
81547
83188
84013
84333
84931
85393
88852
90571
91662
91815
91843
92584
93020
93024
93174
94302
96971
96977
97724
98529
100729
100766
100980
101482
102353
102390
102502
103500
103792
105175
105761
105912
105938
108308
109437
109514
109639
110473
111112
111180
111973
112152
113111
113119
113269
115638
116020
116265
116966
117471
118317
118742
118781
119448
120533
120589
121325
122088
123412
123734
123859
124150
127131
127447
129338
130909
130922
131574
133372
133691
134124
134211
134431
134431
134790
136496
136755
136938
138202
138603
138800
140699
141134
141466
142652
142750
143651
143849
144607
145340
145502
145920
146006
146150
146160
146331
147649
148277
148414
148625
150181
150291
151437
151468
151885
152102
152157
154683
154733
154982
155894
156675
158334
158815
158823
158943
159732
160271
161193
162038
164718
165763
166935
167690
167862
168103
168966
169928
170006
170102
171333
171816
172610
172849
173837
174558
174755
175320
176966
177781
177809
178222
178472
178697
179897
179982
180966
181042
182249
182446
184722
185240
185372
185458
185906
186406
186660
188171
190396
190435
191671
192101
192168
193048
193389
193829
194139
194763
194977
196040
196128
197510
197858
197938
198407
199116
200111
201222
201479
201628
201892
203216
203553
204347
204669
205201
205509
205553
205656
205763
206233
206524
207232
207679
208966
209616
211131
213425
215087
215102
217805
218012
218901
220273
221452
222446
224522
224758
225342
228142
228709
230003
230304
230529
232046
232721
232730
232771
233406
233925
234148
234149
234575
235151
236959
237277
238938
239475
239491
240171
240666
244374
247330
248532
248786
249354
251070
252692
253040
253515
253983
256810
258385
259482
259950
260156
262422
263046
264963
265120
265262
266114
267335
267340
268551
269858
270706
271429
271711
272257
272746
273220
273227
273391
274177
274181
274262
277021
279647
280129
280710
281050
281769
282494
282732
282986
283744
285663
286169
286522
287575
287901
287949
288444
288868
289306
289462
289660
290364
290450
292998
293738
293953
295257
295810
295899
296227
296366
297354
297966
299293
300249
300308
300355
300869
301310
301419
302110
302858
303406
305164
306296
307986
308089
308216
308872
309139
309179
310982
311753
311788
313293
313496
314388
315311
317263
317834
318818
318875
319191
319616
321073
321445
322145
323081
324072
324746
325059
325114
325809
325849
326115
326198
326450
328417
329735
330389
330442
331209
331674
331700
332106
333296
333842
334213
334502
335209
335774
335893
336317
336731
337296
337786
339142
339310
339476
340147
340384
344110
344535
344951
344999
345119
346123
346800
347406
348895
349330
351891
352048
352444
352771
353150
353593
355843
356034
356064
356621
356722
359141
360433
361071
362034
362314
362993
363026
363738
363783
363935
364505
364609
366148
368560
369517
370166
373806
375417
375814
376794
377657
378935
380086
380831
381531
381642
381759
382119
383939
384913
385084
385212
385596
388196
388644
388823
389235
389701
390677
390996
391052
391880
394261
394913
395130
395687
395965
396338
397460
397592
400518
400726
400909
401449
401547
401809
403667
404733
407366
408079
409656
410484
410901
412542
413316
413363
413892
414943
415541
417638
418587
418611
418933
419223
419997
421225
421524
422154
422232
422700
424174
424652
427141
427185
427230
427826
428653
428938
429042
429251
429385
429470
430795
432155
432761
433493
433724
434085
434915
435088
436501
436712
437673
437687
438584
438873
440291
441253
441478
441582
442611
445162
446624
447104
447415
448035
448167
449022
450109
450414
450845
450850
452893
453004
453035
453989
454621
455000
456749
457068
458633
459284
459894
461159
461788
463209
463214
463699
463709
465192
465570
466376
466588
467720
467936
468254
468767
468953
470879
472056
472626
472805
472931
473133
473556
473643
474624
475094
475237
475794
475828
476305
476322
477225
477355
478295
478586
480298
480668
480696
484046
484710
485814
485831
486053
486409
487783
488241
488713
489384
490313
491404
491577
492340
492716
493043
493708
493971
494304
494507
494940
495208
495574
498004
498054
498472
500274
500487
501259
503275
503392
504525
506102
508498
508892
509234
509674
511327
512835
512845
513135
513453
513547
515074
515889
516088
516819
516895
517267
517403
518672
519397
520190
521361
521917
522321
522780
524147
524301
524508
524585
525376
525389
526666
526761
526870
526920
527453
527647
528210
528331
528350
528442
528926
530519
531889
532167
532183
532678
532900
533506
533986
534730
534865
535255
535573
536664
537420
538200
539133
540700
540924
541453
541627
542062
542273
542453
542797
544357
544407
544563
544833
545909
545925
547211
547334
547413
547622
548136
548203
548206
549995
550218
550255
550368
551255
552696
553173
553190
555532
555595
555910
556054
556358
556641
557528
558217
558315
559142
559400
560320
560950
562020
562100
563299
563610
563831
564633
564755
565324
565518
566238
568751
569384
569442
569828
570018
570910
571114
571420
572063
572955
573799
574078
574274
574708
575179
576713
576840
577158
578030
578612
579086
579100
579523
580760
580966
582325
584554
584738
585256
585333
585457
586212
587370
589133
591425
594812
594904
595227
595691
596105
596634
596969
597608
597984
597984
598277
599075
600130
601224
602844
603267
603422
604005
604931
605479
606178
607091
607687
608447
609458
610926
611498
613731
614399
614430
615160
616834
618018
619691
621513
622920
623177
623490
623533
626060
626140
627726
628531
628952
629165
629972
630510
631054
631420
632759
633128
634259
636922
637161
637880
638028
638292
639148
639606
639806
641108
641144
641927
642071
642691
643122
643724
644271
644673
645707
645897
645900
645981
646097
646513
647712
649161
649323
649531
650292
650762
651329
652199
652821
653884
654046
654596
654681
654775
654810
654832
656271
656478
657046
657589
658101
659114
659683
659780
660082
661339
663500
664189
664266
664476
665966
666227
666462
666691
666777
667896
668124
668833
669540
669935
673503
673647
673744
673932
674257
674459
676082
676608
677378
677863
677993
678666
680130
680790
681225
681390
681545
682444
682883
682900
682929
683732
684139
684513
685178
685702
685840
686595
687921
688939
690119
690339
690356
690506
691210
691555
692289
693102
693892
695683
696138
697316
697389
697495
697727
698364
700485
701623
703419
703449
704697
705174
705512
706111
706170
706506
706958
708551
709492
709638
709884
710136
711096
711438
711964
712916
714275
715013
715678
716576
716688
717611
718253
720323
721380
721951
722163
722429
722687
722693
723683
724216
725020
725328
726366
726753
727069
727353
727398
728209
728351
728480
728502
728809
729008
729617
730478
731393
731469
731691
732155
732196
733154
734016
734287
734514
734716
736590
737165
737404
737512
738662
738807
738941
739559
739896
739968
739981
740007
740391
740546
740786
744513
744925
745827
747259
747556
748952
750589
750971
751110
751805
752691
752769
752963
753309
753604
754789
755732
756507
756981
757468
757492
757736
757979
758209
758245
758421
758722
758747
759229
759647
759979
761178
761309
761750
761950
761952
763758
763935
764135
764522
764775
765341
767269
767369
767692
768157
770390
771225
771698
771943
773030
775186
775791
775826
776226
780098
780871
781348
781629
782157
782742
783456
783674
784042
785025
785253
786015
786454
787053
787093
787291
788451
788476
788609
788791
789530
790110
792237
793754
794290
794326
794426
795844
797496
797721
799331
799771
800029
800214
800525
800632
801015
801146
802969
802970
803465
803613
804657
806003
806721
809071
809176
810367
810434
811283
811397
811494
811694
812086
812852
813003
813689
815731
819079
819159
819782
819994
820453
821693
821998
822388
822601
823227
824945
825439
825862
826387
827521
827661
827815
828208
828396
830773
830906
831062
831482
831500
831701
833004
833065
833369
834616
834785
835072
835400
835789
836776
836940
837370
837518
839402
839777
840917
843528
844668
845240
846193
846944
847095
848924
851539
852010
852026
853556
853840
855584
855652
856001
857034
857675
858977
859053
859099
859547
860184
862195
862805
863604
864412
864534
865236
865261
865560
865775
867960
869504
869825
870312
870567
870621
870889
871310
871548
874016
874571
875255
876230
876613
877497
877845
878241
880249
880267
881395
881797
881799
881997
882249
883664
885795
885956
886052
886448
886492
887364
887933
888300
888396
888607
891972
892328
892917
893042
894266
895033
895121
895773
896631
899104
899287
899601
901418
901498
902066
902168
902470
903727
904812
905425
905505
906041
906096
906722
906969
907734
907876
908235
908739
910202
910673
912469
912760
912886
914981
915542
916061
916122
917013
917135
917444
917927
919045
919144
920054
920176
920827
921011
922836
922871
923134
923168
923318
923671
924055
925352
925421
926758
926778
927316
927662
927759
927787
927901
930116
930319
930863
933497
934853
935529
935571
936969
937318
937972
938269
938305
939386
939556
939821
941936
942014
943300
943759
944561
944700
944952
946059
946064
946140
946369
946374
946560
947383
949138
949625
949982
950033
950342
951136
951349
951538
952270
952423
952725
953020
953809
954157
954792
954951
955195
955762
956061
956546
957193
958225
958275
958566
958847
959547
960309
960789
962409
963058
963662
965235
965371
965380
965507
965821
966085
967211
967381
968985
969212
969297
969509
969551
970909
971295
974458
974755
976626
976777
977064
978292
978468
978480
978772
979002
979049
981123
982153
982284
982325
983827
984226
984574
985490
987018
987970
989922
990114
990181
991950
992742
994375
995704
996143
997185
997568
997721
997934
998543
999711
