-999441
-993791
-992901
-985888
-985563
-982302
-979938
-979819
-979179
-979064
-977435
-976863
-976280
-972750
-968163
-965219
-960626
-959760
-957762
-957348
-955802
-946958
-946456
-944762
-942950
-941741
-941041
-941012
-940153
-938566
-938315
-937789
-936911
-936499
-935408
-933623
-932610
-932400
-929306
-929004
-925739
-924432
-924040
-921542
-921209
-920950
-919724
-919149
-918990
-918301
-916625
-915392
-915234
-912908
-910569
-908758
-907477
-907147
-906594
-905944
-903966
-903660
-903469
-901077
-899045
-897475
-897142
-896085
-893171
-892248
-889305
-888629
-886502
-886383
-886018
-885989
-884641
-882446
-880304
-880178
-879832
-876874
-873313
-871175
-866573
-864856
-861703
-856754
-856075
-853135
-852838
-849456
-847967
-845343
-840123
-839571
-839395
-838433
-837080
-832833
-832770
-832624
-832576
-832252
-831770
-831050
-827131
-826921
-826473
-824633
-822293
-820958
-815683
-812674
-812543
-812240
-809441
-808803
-805367
-803731
-802099
-801995
-799727
-799353
-798124
-795030
-794600
-793118
-792164
-791626
-791005
-788158
-787192
-786752
-785570
-782416
-778840
-776638
-774921
-774192
-771397
-766172
-765818
-762693
-761487
-759745
-758789
-758100
-756082
-755559
-753416
-749326
-748849
-747346
-746894
-744360
-739287
-738766
-738431
-736004
-735794
-734913
-732256
-729985
-728446
-728301
-724639
-723809
-719798
-719428
-718583
-716153
-713444
-712946
-712904
-710488
-705549
-704507
-702588
-697089
-696622
-696540
-694738
-689757
-687775
-687019
-686078
-683700
-680517
-677663
-675603
-670336
-670335
-667024
-666338
-665533
-663301
-662786
-659453
-658618
-657847
-657319
-656896
-648232
-644668
-644394
-643906
-643693
-642545
-641868
-640396
-639338
-638049
-637631
-637302
-635792
-627138
-617549
-616909
-614567
-613903
-613798
-611847
-611222
-609893
-607807
-604567
-599067
-598621
-595372
-592211
-590933
-587100
-586439
-585292
-584407
-583222
-582116
-581826
-581128
-580915
-579984
-576481
-576290
-573940
-570529
-570522
-569996
-569375
-569180
-567923
-564279
-563907
-560588
-560441
-557958
-552489
-549960
-549799
-548880
-548039
-547613
-545171
-542391
-540274
-540190
-537214
-536505
-533901
-531667
-526560
-523992
-522012
-516312
-514955
-513869
-504436
-501138
-500951
-500614
-500529
-499473
-498658
-498372
-497856
-497348
-495333
-495098
-494468
-492238
-490769
-489084
-487910
-486552
-485113
-481926
-481848
-480447
-479835
-479565
-479258
-478133
-477968
-477495
-474864
-474091
-471999
-471289
-464276
-462955
-456938
-455346
-452796
-452286
-451875
-451048
-450895
-450242
-443955
-437976
-437763
-435272
-434878
-434842
-434594
-434142
-431851
-431426
-431228
-428201
-423888
-423655
-422841
-422145
-420295
-419315
-418078
-413061
-411881
-406580
-406521
-405867
-405462
-403628
-400229
-399319
-399026
-397971
-396631
-394648
-393435
-392913
-391709
-388421
-387378
-385878
-384307
-382759
-382536
-378212
-371802
-370933
-370074
-365403
-365329
-362474
-361940
-360053
-359473
-357027
-354510
-354053
-351980
-351435
-350545
-345928
-345537
-345351
-342591
-342242
-341034
-338741
-337655
-337620
-337317
-336977
-336294
-335849
-335517
-331457
-331198
-323973
-323653
-322100
-321686
-320123
-318651
-315349
-315258
-315009
-311905
-311287
-305963
-305122
-304470
-303290
-303243
-301064
-293522
-289772
-289464
-288698
-288158
-287914
-285171
-282279
-282154
-281993
-278895
-274288
-266268
-265043
-265014
-264889
-263241
-262757
-260132
-259543
-258347
-253717
-251528
-249658
-248836
-248470
-247982
-237767
-237368
-237044
-236996
-232032
-228868
-227997
-227839
-227408
-225593
-225372
-223810
-222230
-219977
-219186
-215523
-214194
-213224
-210764
-210533
-209146
-209136
-207039
-206834
-204987
-203390
-203278
-202131
-201846
-201553
-201469
-200540
-194097
-193788
-187106
-181037
-178470
-175965
-170575
-168438
-167143
-155309
-154858
-154500
-152204
-151109
-150689
-146954
-146579
-133948
-129819
-123697
-118956
-118114
-117679
-117429
-110465
-97178
-92779
-87598
-87168
-83512
-82642
-80257
-78283
-77790
-75587
-75213
-72281
-71793
-70059
-66341
-63961
-63071
-62355
-58152
-57959
-56009
-54998
-54976
-54536
-53810
-44765
-44370
-43539
-37365
-33981
-30829
-30607
-28478
-27763
-25185
-19872
-17809
-14929
-13357
-9794
-7527
-6806
-879
234
954
2971
3125
3280
4302
7120
9158
9270
9494
9517
10179
10272
10972
12207
18181
19776
25420
31144
34475
37616
38110
38441
43597
49357
50104
60664
61515
64475
67172
67657
68237
72302
73195
73627
78729
79449
89916
90286
90589
91796
97073
97824
99226
101619
101932
103581
104448
110334
112799
113511
114762
116499
118756
123267
124756
125673
127900
131738
134896
138911
140525
142861
143564
150314
152506
155187
158075
159361
159668
161283
162751
163047
163966
164466
167734
169244
174978
176834
178475
178795
179354
183555
185401
187084
189092
196501
198643
202218
203608
208657
209168
212600
215305
219744
219783
220235
225049
227650
228210
228322
228363
231369
233009
234645
235654
237387
240052
240384
247133
248468
248621
252870
255139
255661
255891
260764
261768
263271
264233
264605
265239
268391
268896
269228
271232
271437
272339
273077
274039
275324
276799
278553
283226
283251
285463
286525
286963
287313
297303
301624
301767
308323
310457
312865
312988
315615
318581
320413
321184
323805
324158
325124
330298
339705
339784
340374
342924
344398
345838
345994
347411
347846
348715
349111
351348
352171
352358
352904
354036
354675
373898
375620
376793
380613
381156
383188
389727
393248
395651
397253
400506
404948
407315
409638
410368
416860
419689
424809
425842
426294
426432
428409
430411
431122
432060
432123
434012
434540
435103
435905
436177
438733
440763
442609
444177
444757
445850
452021
453834
453904
454288
455406
455480
456894
459464
460237
462726
465374
465584
465923
469029
469439
471128
475351
483059
483629
484178
488166
491479
492088
495853
498890
501190
501425
510179
510612
512484
513249
519294
521273
523102
523501
525370
526714
527219
529021
530527
530921
535076
542886
543963
547047
547798
551486
553755
554212
555232
555757
556704
564936
567483
567996
569000
569779
571931
574392
574594
576378
578351
579450
580812
589448
593163
595467
597279
598577
598599
599782
600665
606912
610012
610715
612930
614643
614786
618353
621598
621678
623372
625162
626406
628446
628451
628990
629124
629835
631170
633877
635803
637135
638112
639435
639895
641603
644494
647597
647749
648056
648602
652687
663777
665618
666205
666610
668803
670167
670181
671065
672313
674629
676887
676925
684924
685901
686881
686957
688223
688512
688740
691786
693050
704703
713553
724342
726749
727345
728879
730176
735056
740621
741708
742157
743953
744790
747418
751059
751142
754663
758436
758812
760600
764416
767017
767199
772227
772626
774999
777600
779119
779231
779522
780303
783166
787764
790283
790691
801711
802428
802978
803887
803951
805878
810483
812733
813026
818122
818755
819286
821127
821215
822836
823025
825375
834192
838714
840535
840770
850610
850915
852504
852906
856082
856636
860841
861145
863608
865144
868800
873330
878117
881059
881066
882097
882648
882671
882842
883016
885218
886926
895574
896740
896918
899056
899213
899863
900869
900928
903392
909803
910968
913748
914283
914908
916196
916249
917770
921679
923262
925537
926383
928151
932387
933737
935031
936977
939278
941560
941697
942374
945093
950379
950470
951401
953219
955976
964066
970054
970446
971663
973682
974997
975172
976677
979239
979617
981398
981899
982884
983214
984114
984685
987605
996162
999751
